1491768000001141
1491768000020476
1491768000044532
1491768000045373
1491768000046385
1491768000050686
1491768000052856
1491768000065767
1491768000071323
1491768000082050
1491768000088600
1491768000090853
1491768000091026
1491768000092693
1491768000100475
1491768000103856
1491768000106042
1491768000107244
1491768000107244
1491768000112747
1491768000126938
1491768000150416
1491768000153581
1491768000156514
1491768000167529
1491768000186915
1491768000201866
1491768000227213
1491768000238095
1491768000251226
1491768000252781
1491768000283962
1491768000296214
1491768000297300
1491768000298741
1491768000315217
1491768000335861
1491768000336473
1491768000344779
1491768000379798
1491768000380543
1491768000398022
1491768000409781
1491768000410128
1491768000412853
1491768000413782
1491768000414771
1491768000435777
1491768000451561
1491768000453379
1491768000470073
1491768000482845
1491768000487477
1491768000511026
1491768000525312
1491768000525753
1491768000545831
1491768000546523
1491768000546526
1491768000551217
1491768000572696
1491768000587498
1491768000588762
1491768000597280
1491768000597381
1491768000613575
1491768000620533
1491768000624234
1491768000631481
1491768000637429
1491768000653954
1491768000656608
1491768000657129
1491768000675544
1491768000692045
1491768000711669
1491768000720131
1491768000720958
1491768000733769
1491768000735683
1491768000744041
1491768000770231
1491768000810698
1491768000835307
1491768000846355
1491768000851127
1491768000864491
1491768000866210
1491768000866926
1491768000887783
1491768000897700
1491768000914512
1491768000919221
1491768000937540
1491768000949962
1491768000956774
1491768000979570
1491768000982407
1491768000985407
1491768000987582
1491768000989587
1491768001002609
1491768001005963
1491768001027870
1491768001056212
1491768001064472
1491768001076377
1491768001081051
1491768001083882
1491768001085114
1491768001085207
1491768001090485
1491768001091871
1491768001109148
1491768001114954
1491768001119769
1491768001123784
1491768001130045
1491768001134014
1491768001135563
1491768001155300
1491768001157456
1491768001174955
1491768001179418
1491768001183751
1491768001185303
1491768001190133
1491768001191358
1491768001196298
1491768001200006
1491768001205365
1491768001233944
1491768001270858
1491768001292823
1491768001309539
1491768001309946
1491768001311208
1491768001319199
1491768001329120
1491768001329598
1491768001338230
1491768001357314
1491768001366764
1491768001374478
1491768001384277
1491768001389220
1491768001389220
1491768001392552
1491768001410602
1491768001412428
1491768001417078
1491768001428100
1491768001430609
1491768001431320
1491768001449410
1491768001450839
1491768001470433
1491768001483133
1491768001491215
1491768001497207
1491768001502480
1491768001503744
1491768001507961
1491768001521120
1491768001524384
1491768001539949
1491768001552477
1491768001575041
1491768001576605
1491768001578561
1491768001583667
1491768001609606
1491768001614137
1491768001627254
1491768001637798
1491768001651471
1491768001670307
1491768001675023
1491768001682541
1491768001698256
1491768001727970
1491768001737958
1491768001743944
1491768001752704
1491768001787038
1491768001803924
1491768001804091
1491768001817862
1491768001820682
1491768001826377
1491768001841682
1491768001855302
1491768001862552
1491768001864059
1491768001868448
1491768001928862
1491768001932602
1491768001942029
1491768001969533
1491768001994284
1491768002006553
1491768002007210
1491768002011743
1491768002028127
1491768002028305
1491768002039937
1491768002047598
1491768002055947
1491768002122039
1491768002145601
1491768002173793
1491768002179892
1491768002185064
1491768002194146
1491768002199305
1491768002215776
1491768002221544
1491768002226958
1491768002233476
1491768002242773
1491768002246392
1491768002256752
1491768002263572
1491768002270685
1491768002274111
1491768002282026
1491768002291942
1491768002300447
1491768002301602
1491768002307796
1491768002312341
1491768002321421
1491768002337464
1491768002359037
1491768002361186
1491768002386458
1491768002397955
1491768002411743
1491768002413556
1491768002414407
1491768002428550
1491768002443782
1491768002446717
1491768002447572
1491768002453134
1491768002460581
1491768002466513
1491768002473781
1491768002490694
1491768002493579
1491768002501056
1491768002532700
1491768002533805
1491768002567878
1491768002578690
1491768002586687
1491768002632219
1491768002653103
1491768002676585
1491768002680782
1491768002680785
1491768002691365
1491768002694669
1491768002707694
1491768002711950
1491768002723787
1491768002737207
1491768002739771
1491768002742864
1491768002755362
1491768002768031
1491768002769212
1491768002788935
1491768002810785
1491768002816260
1491768002825603
1491768002827884
1491768002833781
1491768002833794
1491768002842454
1491768002882782
1491768002883936
1491768002887294
1491768002926229
1491768002927460
1491768002928230
1491768002939943
1491768002942606
1491768002949376
1491768002962282
1491768002963393
1491768002963690
1491768002966699
1491768002968276
1491768002979777
1491768002990770
1491768002992883
1491768003010770
1491768003012288
1491768003020784
1491768003031572
1491768003032438
1491768003034206
1491768003044029
1491768003052600
1491768003061410
1491768003068045
1491768003075226
1491768003083786
1491768003085673
1491768003086477
1491768003089152
1491768003092773
1491768003097210
1491768003122689
1491768003134558
1491768003137394
1491768003163795
1491768003180422
1491768003180778
1491768003190702
1491768003210480
1491768003214301
1491768003233237
1491768003234306
1491768003243687
1491768003270716
1491768003272741
1491768003288953
1491768003302913
1491768003342371
1491768003348099
1491768003386430
1491768003389600
1491768003400862
1491768003408753
1491768003409769
1491768003428298
1491768003454174
1491768003457379
1491768003466452
1491768003478400
1491768003479422
1491768003500781
1491768003509583
1491768003524124
1491768003525533
1491768003529305
1491768003539396
1491768003551425
1491768003553194
1491768003570204
1491768003590397
1491768003590673
1491768003591459
1491768003595384
1491768003610482
1491768003611774
1491768003620396
1491768003631771
1491768003634682
1491768003637058
1491768003677777
1491768003686420
1491768003687220
1491768003692044
1491768003692656
1491768003693178
1491768003699552
1491768003700400
1491768003702113
1491768003708411
1491768003716277
1491768003744784
1491768003748413
1491768003750943
1491768003757060
1491768003760695
1491768003764300
1491768003771305
1491768003777395
1491768003778282
1491768003787846
1491768003788605
1491768003794687
1491768003804835
1491768003806129
1491768003808600
1491768003813685
1491768003841781
1491768003849601
1491768003855691
1491768003858130
1491768003860034
1491768003879485
1491768003896869
1491768003900944
1491768003904422
1491768003911955
1491768003928106
1491768003937040
1491768003939260
1491768003951855
1491768003964409
1491768003977852
1491768003983206
1491768003989242
1491768003992857
1491768004008694
1491768004015669
1491768004016300
1491768004016488
1491768004019950
1491768004041687
1491768004046037
1491768004070136
1491768004070136
1491768004083160
1491768004088394
1491768004111240
1491768004122145
1491768004153861
1491768004160214
1491768004166688
1491768004172369
1491768004178404
1491768004198470
1491768004217542
1491768004220969
1491768004225343
1491768004228053
1491768004228058
1491768004247840
1491768004248378
1491768004249659
1491768004258046
1491768004261801
1491768004274490
1491768004294769
1491768004295215
1491768004297860
1491768004299217
1491768004307408
1491768004321690
1491768004335687
1491768004344386
1491768004356690
1491768004356690
1491768004358774
1491768004359374
1491768004363121
1491768004372742
1491768004383685
1491768004384401
1491768004385600
1491768004389030
1491768004414860
1491768004422539
1491768004428266
1491768004452202
1491768004469382
1491768004491918
1491768004549294
1491768004551688
1491768004553686
1491768004566772
1491768004567380
1491768004568376
1491768004579665
1491768004589314
1491768004597291
1491768004599046
1491768004602123
1491768004603207
1491768004621288
1491768004628252
1491768004645034
1491768004649752
1491768004672508
1491768004676160
1491768004693945
1491768004707027
1491768004714670
1491768004717206
1491768004726787
1491768004745273
1491768004756454
1491768004783836
1491768004785753
1491768004786275
1491768004796466
1491768004796909
1491768004797600
1491768004806745
1491768004817521
1491768004820786
1491768004821785
1491768004845427
1491768004858672
1491768004865602
1491768004886419
1491768004886770
1491768004892057
1491768004897306
1491768004903922
1491768004911366
1491768004938955
1491768004941383
1491768004963702
1491768004973689
1491768004980539
1491768004980539
1491768004985673
1491768005028370
1491768005039947
1491768005043749
1491768005094308
1491768005095011
1491768005104518
1491768005114782
1491768005133506
1491768005162218
1491768005162481
1491768005166140
1491768005167296
1491768005186427
1491768005195707
1491768005204397
1491768005216831
1491768005219659
1491768005229047
1491768005235835
1491768005236191
1491768005249552
1491768005264278
1491768005272603
1491768005273689
1491768005280382
1491768005298125
1491768005321522
1491768005321783
1491768005325140
1491768005328583
1491768005332000
1491768005363785
1491768005365878
1491768005379863
1491768005386275
1491768005393307
1491768005413856
1491768005426690
1491768005442764
1491768005460953
1491768005461748
1491768005471772
1491768005472385
1491768005474119
1491768005495481
1491768005497792
1491768005504306
1491768005511600
1491768005515952
1491768005529363
1491768005531603
1491768005549689
1491768005550869
1491768005564376
1491768005569040
1491768005573950
1491768005577789
1491768005593908
1491768005607690
1491768005617765
1491768005622122
1491768005622122
1491768005623675
1491768005655028
1491768005659769
1491768005669780
1491768005679769
1491768005685917
1491768005690956
1491768005703749
1491768005738582
1491768005738758
1491768005741489
1491768005743862
1491768005749387
1491768005751485
1491768005751831
1491768005761670
1491768005768579
1491768005782385
1491768005803371
1491768005821363
1491768005834941
1491768005838949
1491768005867421
1491768005874977
1491768005879525
1491768005890339
1491768005897605
1491768005914388
1491768005915601
1491768005921037
1491768005926654
1491768005929962
1491768005945889
1491768005958527
1491768005961513
1491768005968107
1491768005975320
1491768005985968
1491768005987795
1491768005990395
1491768005993600
1491768005995308
1491768006003098
1491768006010557
1491768006016287
1491768006016600
1491768006016857
1491768006030837
1491768006036601
1491768006042571
1491768006043603
1491768006047488
1491768006049778
1491768006056373
1491768006075601
1491768006078146
1491768006093605
1491768006119563
1491768006123143
1491768006134411
1491768006147691
1491768006149060
1491768006149848
1491768006150026
1491768006174864
1491768006185602
1491768006190192
1491768006196870
1491768006197671
1491768006244433
1491768006254575
1491768006283557
1491768006287470
1491768006325409
1491768006331101
1491768006344422
1491768006345688
1491768006349139
1491768006353556
1491768006355766
1491768006362216
1491768006364540
1491768006365043
1491768006371217
1491768006383565
1491768006421399
1491768006423582
1491768006436346
1491768006436947
1491768006437580
1491768006443571
1491768006446202
1491768006448366
1491768006455258
1491768006457201
1491768006475692
1491768006482050
1491768006482417
1491768006490308
1491768006498451
1491768006499478
1491768006505589
1491768006509050
1491768006510123
1491768006510300
1491768006521613
1491768006550604
1491768006557472
1491768006561304
1491768006586270
1491768006589036
1491768006607370
1491768006620652
1491768006621184
1491768006621687
1491768006635599
1491768006642381
1491768006646515
1491768006657165
1491768006664610
1491768006665890
1491768006671792
1491768006690894
1491768006705784
1491768006730331
1491768006735231
1491768006737046
1491768006740562
1491768006745685
1491768006748397
1491768006751600
1491768006774313
1491768006775133
1491768006779939
1491768006782774
1491768006801674
1491768006807490
1491768006818218
1491768006826347
1491768006829659
1491768006831849
1491768006851957
1491768006891753
1491768006891843
1491768006911780
1491768006943568
1491768006951699
1491768006953601
1491768006956685
1491768006967125
1491768006974602
1491768006981776
1491768006983574
1491768007007591
1491768007049299
1491768007051578
1491768007054356
1491768007059601
1491768007092058
1491768007094382
1491768007104861
1491768007112341
1491768007112447
1491768007145064
1491768007149500
1491768007156230
1491768007174165
1491768007198409
1491768007209404
1491768007227751
1491768007236233
1491768007263128
1491768007294966
1491768007311365
1491768007317580
1491768007321943
1491768007331571
1491768007344916
1491768007349182
1491768007372295
1491768007378588
1491768007379660
1491768007386867
1491768007389229
1491768007395947
1491768007403769
1491768007413598
1491768007429004
1491768007431299
1491768007442121
1491768007489115
1491768007570200
1491768007574859
1491768007591483
1491768007602664
1491768007623021
1491768007635882
1491768007659654
1491768007667486
1491768007672756
1491768007678928
1491768007682675
1491768007684884
1491768007704209
1491768007704380
1491768007705051
1491768007717602
1491768007721225
1491768007743017
1491768007750208
1491768007773863
1491768007775480
1491768007787003
1491768007789693
1491768007812150
1491768007813695
1491768007815155
1491768007826062
1491768007831890
1491768007839158
1491768007861023
1491768007863046
1491768007869401
1491768007896857
1491768007897472
1491768007909133
1491768007931881
1491768007966166
1491768007976526
1491768007981618
1491768007987189
1491768007989695
1491768008008467
1491768008013357
1491768008038881
1491768008050954
1491768008051135
1491768008051583
1491768008071124
1491768008075560
1491768008081706
1491768008096530
1491768008102073
1491768008105776
1491768008110954
1491768008118034
1491768008134658
1491768008142391
1491768008153690
1491768008155857
1491768008162786
1491768008162963
1491768008163053
1491768008167875
1491768008170069
1491768008174506
1491768008183689
1491768008203211
1491768008217189
1491768008224785
1491768008246299
1491768008249399
1491768008251961
1491768008253601
1491768008254573
1491768008255090
1491768008276127
1491768008276599
1491768008280776
1491768008288686
1491768008294388
1491768008295292
1491768008296455
1491768008296455
1491768008305672
1491768008326029
1491768008346878
1491768008346883
1491768008350606
1491768008356454
1491768008379578
1491768008380456
1491768008383187
1491768008392669
1491768008399355
1491768008439507
1491768008444825
1491768008454034
1491768008471608
1491768008494305
1491768008498982
1491768008499790
1491768008507573
1491768008513924
1491768008527025
1491768008535034
1491768008539388
1491768008539391
1491768008560867
1491768008575124
1491768008576600
1491768008577774
1491768008590688
1491768008619202
1491768008627540
1491768008664774
1491768008664774
1491768008665111
1491768008665864
1491768008666317
1491768008668582
1491768008672969
1491768008685386
1491768008686216
1491768008705027
1491768008705195
1491768008716569
1491768008737057
1491768008750686
1491768008753695
1491768008755665
1491768008778952
1491768008781327
1491768008789783
1491768008805876
1491768008811030
1491768008812029
1491768008821964
1491768008823486
1491768008829026
1491768008835603
1491768008848544
1491768008877118
1491768008891956
1491768008927194
1491768008937692
1491768008966298
1491768009004686
1491768009007028
1491768009013775
1491768009032405
1491768009038223
1491768009052547
1491768009081040
1491768009088293
1491768009093336
1491768009139471
1491768009196659
1491768009227576
1491768009266474
1491768009282768
1491768009347345
1491768009352124
1491768009368602
1491768009380574
1491768009390946
1491768009397408
1491768009436222
1491768009438961
1491768009445089
1491768009449087
1491768009456066
1491768009461540
1491768009465489
1491768009471610
1491768009476393
1491768009485836
1491768009499775
1491768009503369
1491768009505454
1491768009534191
1491768009549053
1491768009588683
1491768009602938
1491768009603276
1491768009608689
1491768009609704
1491768009634210
1491768009643225
1491768009647700
1491768009650450
1491768009665660
1491768009674881
1491768009684850
1491768009686471
1491768009686844
1491768009705462
1491768009730572
1491768009730669
1491768009739578
1491768009740020
1491768009751148
1491768009751501
1491768009775204
1491768009777220
1491768009786151
1491768009802226
1491768009813193
1491768009822213
1491768009829561
1491768009841397
1491768009842860
1491768009871381
1491768009874039
1491768009881535
1491768009889946
1491768009893080
1491768009919336
1491768009929209
1491768009930871
1491768009947659
1491768009949860
1491768009953167
1491768009956685
1491768009961973
1491768009969688
1491768009984744
1491768009989101
1491768010007435
1491768010012784
1491768010029663
1491768010038873
1491768010046779
1491768010056282
1491768010093557
1491768010102443
1491768010104773
1491768010113600
1491768010117777
1491768010122089
1491768010122776
1491768010125210
1491768010125604
1491768010137133
1491768010142399
1491768010153217
1491768010160774
1491768010181321
1491768010182696
1491768010187602
1491768010206776
1491768010207314
1491768010211004
1491768010213779
1491768010226706
1491768010248453
1491768010248774
1491768010267214
1491768010271041
1491768010289779
1491768010291954
1491768010298840
1491768010309607
1491768010321851
1491768010336948
1491768010337469
1491768010348869
1491768010353161
1491768010354953
1491768010368872
1491768010370498
1491768010376703
1491768010378461
1491768010378872
1491768010382370
1491768010408704
1491768010416889
1491768010434865
1491768010438578
1491768010439540
1491768010454699
1491768010473180
1491768010474943
1491768010477027
1491768010477778
1491768010491366
1491768010509439
1491768010530755
1491768010553366
1491768010559696
1491768010563773
1491768010579849
1491768010583513
1491768010589685
1491768010592296
1491768010593999
1491768010596682
1491768010598655
1491768010599602
1491768010601859
1491768010602554
1491768010621778
1491768010626956
1491768010670654
1491768010670760
1491768010696601
1491768010711953
1491768010713910
1491768010717388
1491768010731319
1491768010732074
1491768010743881
1491768010756451
1491768010762127
1491768010769942
1491768010770665
1491768010772142
1491768010788137
1491768010792293
1491768010801679
1491768010804197
1491768010813963
1491768010814057
1491768010816577
1491768010817662
1491768010823827
1491768010832309
1491768010832839
1491768010854196
1491768010868887
1491768010884031
1491768010885861
1491768010893684
1491768010898201
1491768010910607
1491768010963955
1491768010973467
1491768010973777
1491768010973963
1491768010980922
1491768010981948
1491768010983297
1491768010988091
1491768010998606
1491768011000195
1491768011002476
1491768011010939
1491768011018026
1491768011022853
1491768011027781
1491768011028227
1491768011060870
1491768011064707
1491768011065918
1491768011098891
1491768011106261
1491768011109880
1491768011110776
1491768011145241
1491768011152672
1491768011178389
1491768011183684
1491768011207302
1491768011208578
1491768011219033
1491768011223568
1491768011227458
1491768011229436
1491768011234685
1491768011239777
1491768011239777
1491768011240218
1491768011264687
1491768011274954
1491768011280346
1491768011285128
1491768011297033
1491768011310591
1491768011315653
1491768011315653
1491768011327665
1491768011330288
1491768011343046
1491768011343823
1491768011355226
1491768011356782
1491768011357659
1491768011357827
1491768011376690
1491768011383215
1491768011383664
1491768011385292
1491768011398199
1491768011415346
1491768011421687
1491768011422689
1491768011435883
1491768011461782
1491768011498024
1491768011509576
1491768011521385
1491768011522849
1491768011538199
1491768011542860
1491768011546855
1491768011550599
1491768011562787
1491768011570520
1491768011579400
1491768011582047
1491768011591782
1491768011598660
1491768011632860
1491768011640461
1491768011650205
1491768011673327
1491768011687039
1491768011687658
1491768011696026
1491768011708876
1491768011722515
1491768011752602
1491768011756380
1491768011778941
1491768011783481
1491768011791216
1491768011795758
1491768011802298
1491768011806491
1491768011817601
1491768011821381
1491768011821386
1491768011828863
1491768011839600
1491768011850066
1491768011851328
1491768011851989
1491768011854333
1491768011861607
1491768011875105
1491768011882859
1491768011896104
1491768011905375
1491768011907923
1491768011910573
1491768011915397
1491768011919290
1491768011921783
1491768011928775
1491768011932928
1491768011934034
1491768011942221
1491768011964600
1491768011969226
1491768011981388
1491768011981775
1491768011999983
1491768012002244
1491768012034318
1491768012050802
1491768012066313
1491768012072791
1491768012077612
1491768012089137
1491768012089309
1491768012096912
1491768012102867
1491768012121376
1491768012124945
1491768012125930
1491768012143041
1491768012146449
1491768012149468
1491768012152990
1491768012153858
1491768012166692
1491768012166967
1491768012167896
1491768012168071
1491768012171170
1491768012182698
1491768012182963
1491768012192949
1491768012195133
1491768012211951
1491768012211951
1491768012218700
1491768012221693
1491768012226696
1491768012228123
1491768012250753
1491768012259127
1491768012259402
1491768012259675
1491768012262850
1491768012265498
1491768012283467
1491768012284466
1491768012285601
1491768012304367
1491768012308128
1491768012308548
1491768012338448
1491768012346382
1491768012363787
1491768012374519
1491768012381600
1491768012384394
1491768012384576
1491768012388124
1491768012391767
1491768012394919
1491768012401325
1491768012404688
1491768012416368
1491768012426459
1491768012435089
1491768012448038
1491768012455459
1491768012465119
1491768012474277
1491768012487084
1491768012492136
1491768012496891
1491768012508842
1491768012510930
1491768012521850
1491768012544599
1491768012555599
1491768012569228
1491768012581608
1491768012584375
1491768012595206
1491768012614191
1491768012622380
1491768012629210
1491768012629212
1491768012644200
1491768012661771
1491768012686955
1491768012687040
1491768012690569
1491768012707361
1491768012711026
1491768012730279
1491768012731576
1491768012740781
1491768012759685
1491768012774128
1491768012779691
1491768012786781
1491768012788744
1491768012792668
1491768012797370
1491768012804389
1491768012838526
1491768012846589
1491768012856463
1491768012859943
1491768012873918
1491768012882688
1491768012886746
1491768012893008
1491768012898006
1491768012912924
1491768012916220
1491768012922295
1491768012922600
1491768012926683
1491768012948683
1491768012990438
1491768013001382
1491768013006861
1491768013046299
1491768013049452
1491768013057038
1491768013066602
1491768013067150
1491768013098346
1491768013105204
1491768013105383
1491768013156004
1491768013160585
1491768013161782
1491768013189665
1491768013197169
1491768013204879
1491768013211286
1491768013212118
1491768013213950
1491768013219827
1491768013226287
1491768013235364
1491768013235364
1491768013242949
1491768013248743
1491768013252864
1491768013253120
1491768013253462
1491768013258177
1491768013262036
1491768013276282
1491768013276282
1491768013278689
1491768013285866
1491768013286706
1491768013289608
1491768013297513
1491768013301505
1491768013321428
1491768013323759
1491768013323948
1491768013328022
1491768013330697
1491768013332836
1491768013359959
1491768013385457
1491768013387600
1491768013389405
1491768013409688
1491768013413547
1491768013414041
1491768013415488
1491768013422933
1491768013448427
1491768013459922
1491768013466867
1491768013475230
1491768013478127
1491768013488036
1491768013488480
1491768013488666
1491768013489566
1491768013516689
1491768013516860
1491768013544133
1491768013547116
1491768013548036
1491768013548212
1491768013551687
1491768013553694
1491768013556778
1491768013558663
1491768013571600
1491768013572681
1491768013573302
1491768013588054
1491768013588328
1491768013602689
1491768013615772
1491768013644246
1491768013646358
1491768013665425
1491768013687169
1491768013688160
1491768013688892
1491768013730609
1491768013731705
1491768013732244
1491768013737973
1491768013743697
1491768013753976
1491768013757386
1491768013757827
1491768013765689
1491768013774326
1491768013812012
1491768013829448
1491768013837344
1491768013860697
1491768013860697
1491768013862444
1491768013869606
1491768013872074
1491768013872894
1491768013905476
1491768013929686
1491768013937697
1491768013937703
1491768013948344
1491768013948784
1491768013949235
1491768013956567
1491768013957384
1491768013959601
1491768013963964
1491768013963968
1491768013972054
1491768013972152
1491768013979660
1491768013982107
1491768013982107
1491768013985567
1491768013985843
1491768013987776
1491768013996545
1491768013999564
1491768014007009
1491768014019195
1491768014022459
1491768014023669
1491768014024284
1491768014025313
1491768014039781
1491768014041374
1491768014057296
1491768014066101
1491768014067221
1491768014076397
1491768014076569
1491768014089149
1491768014091601
1491768014092343
1491768014097310
1491768014110694
1491768014114882
1491768014115238
1491768014130709
1491768014132330
1491768014146112
1491768014154300
1491768014155279
1491768014161612
1491768014180308
1491768014182298
1491768014182478
1491768014182688
1491768014200332
1491768014200514
1491768014221691
1491768014229215
1491768014229843
1491768014230025
1491768014246474
1491768014258294
1491768014259116
1491768014267747
1491768014280684
1491768014283570
1491768014285217
1491768014318549
1491768014324537
1491768014330691
1491768014343056
1491768014356695
1491768014370715
1491768014371371
1491768014377050
1491768014388989
1491768014404787
1491768014410703
1491768014419889
1491768014430255
1491768014430882
1491768014432667
1491768014439986
1491768014440263
1491768014450810
1491768014462987
1491768014468456
1491768014485523
1491768014485782
1491768014498977
1491768014516610
1491768014517601
1491768014521533
1491768014528489
1491768014530691
1491768014541558
1491768014548464
1491768014563709
1491768014569514
1491768014580232
1491768014593316
1491768014595760
1491768014645332
1491768014649387
1491768014723459
1491768014724608
1491768014731875
1491768014733421
1491768014739871
1491768014740336
1491768014741428
1491768014745865
1491768014759834
1491768014765695
1491768014776911
1491768014794306
1491768014818215
1491768014819265
1491768014825311
1491768014833769
1491768014837774
1491768014844292
1491768014851439
1491768014879567
1491768014882870
1491768014903475
1491768014924244
1491768014940321
1491768014945341
1491768014957879
1491768014958698
1491768014959066
1491768014963573
1491768014965869
1491768014972379
1491768014978880
1491768014978968
1491768014995578
1491768014997567
1491768015019685
1491768015022357
1491768015023949
1491768015025662
1491768015026682
1491768015039952
1491768015076254
1491768015086473
1491768015112141
1491768015115224
1491768015137944
1491768015143622
1491768015164211
1491768015173651
1491768015175567
1491768015183861
1491768015208672
1491768015213922
1491768015262699
1491768015268693
1491768015280791
1491768015282056
1491768015293831
1491768015300143
1491768015301285
1491768015319209
1491768015345031
1491768015352501
1491768015359099
1491768015359443
1491768015366861
1491768015369086
1491768015375941
1491768015386856
1491768015397690
1491768015414161
1491768015417975
1491768015420437
1491768015431047
1491768015437027
1491768015485255
1491768015489370
1491768015505278
1491768015524688
1491768015556687
1491768015573450
1491768015591995
1491768015600502
1491768015608775
1491768015624710
1491768015636224
1491768015661217
1491768015694289
1491768015721533
1491768015771338
1491768015771697
1491768015773785
1491768015777601
1491768015802158
1491768015815901
1491768015826508
1491768015833694
1491768015847423
1491768015853467
1491768015875601
1491768015879546
1491768015881316
1491768015911424
1491768015913062
1491768015926775
1491768015962840
1491768015967486
1491768015974769
1491768015984587
1491768016016941
1491768016018599
1491768016018770
1491768016020769
1491768016026915
1491768016032600
1491768016039611
1491768016045556
1491768016055958
1491768016063005
1491768016082140
1491768016082500
1491768016115122
1491768016120863
1491768016125867
1491768016130775
1491768016141982
1491768016159303
1491768016160363
1491768016167768
1491768016174196
1491768016185231
1491768016198591
1491768016198591
1491768016198772
1491768016200544
1491768016210683
1491768016213871
1491768016230687
1491768016255912
1491768016259097
1491768016282445
1491768016292220
1491768016293195
1491768016297388
1491768016299482
1491768016324862
1491768016335860
1491768016338032
1491768016343689
1491768016347773
1491768016352690
1491768016365228
1491768016377121
1491768016382549
1491768016413949
1491768016415850
1491768016446389
1491768016451127
1491768016451664
1491768016453229
1491768016478782
1491768016482689
1491768016483236
1491768016494221
1491768016498856
1491768016507470
1491768016511173
1491768016523347
1491768016525121
1491768016525210
1491768016528415
1491768016538568
1491768016544338
1491768016547778
1491768016551331
1491768016554781
1491768016564782
1491768016565222
1491768016566265
1491768016583489
1491768016593600
1491768016598125
1491768016600781
1491768016601234
1491768016604534
1491768016638681
1491768016645538
1491768016652081
1491768016661126
1491768016663209
1491768016665776
1491768016668270
1491768016692030
1491768016692194
1491768016730815
1491768016750600
1491768016758397
1491768016763403
1491768016804132
1491768016811354
1491768016821611
1491768016825956
1491768016833787
1491768016840212
1491768016866228
1491768016888377
1491768016890484
1491768016908833
1491768016931445
1491768016945538
1491768016946550
1491768016952418
1491768016963785
1491768016974601
1491768016987056
1491768016994306
1491768016995177
1491768016999111
1491768017005506
1491768017010220
1491768017015408
1491768017017938
1491768017019463
1491768017027942
1491768017037358
1491768017058046
1491768017064880
1491768017072427
1491768017077955
1491768017078660
1491768017083848
1491768017088610
1491768017089563
1491768017112488
1491768017133685
1491768017150203
1491768017150685
1491768017160227
1491768017162127
1491768017166837
1491768017167010
1491768017183801
1491768017203515
1491768017203522
1491768017207409
1491768017207591
1491768017214250
1491768017233665
1491768017235676
1491768017241782
1491768017250777
1491768017258778
1491768017268608
1491768017282391
1491768017290855
1491768017291771
1491768017292548
1491768017322748
1491768017324487
1491768017327393
1491768017332347
1491768017344073
1491768017344073
1491768017350067
1491768017350606
1491768017355785
1491768017358242
1491768017361690
1491768017387495
1491768017402879
1491768017408187
1491768017408688
1491768017418856
1491768017421221
1491768017436877
1491768017445874
1491768017451416
1491768017457659
1491768017460388
1491768017476026
1491768017477691
1491768017479460
1491768017483600
1491768017492542
1491768017496454
1491768017503026
1491768017510289
1491768017534120
1491768017541688
1491768017545872
1491768017555872
1491768017564689
1491768017580290
1491768017596804
1491768017597069
1491768017605215
1491768017619769
1491768017623118
1491768017623956
1491768017630952
1491768017648139
1491768017649091
1491768017649773
1491768017651469
1491768017662040
1491768017662863
1491768017665211
1491768017665855
1491768017674526
1491768017674857
1491768017685420
1491768017687746
1491768017692876
1491768017728750
1491768017745336
1491768017751873
1491768017770515
1491768017796581
1491768017805547
1491768017817586
1491768017820855
1491768017827917
1491768017859987
1491768017874376
1491768017877530
1491768017878880
1491768017880068
1491768017886340
1491768017886883
1491768017895997
1491768017904177
1491768017916883
1491768017918150
1491768017936316
1491768017961866
1491768017964121
1491768017978115
1491768017987604
1491768018002603
1491768018002603
1491768018007999
1491768018008687
1491768018010518
1491768018011694
1491768018024863
1491768018031663
1491768018032019
1491768018041393
1491768018048298
1491768018055945
1491768018057477
1491768018065458
1491768018066775
1491768018069460
1491768018078397
1491768018111611
1491768018121694
1491768018145398
1491768018151924
1491768018161777
1491768018204142
1491768018222940
1491768018251473
1491768018283599
1491768018287664
1491768018308283
1491768018312299
1491768018314686
1491768018314875
1491768018316369
1491768018320196
1491768018326511
1491768018330599
1491768018333599
1491768018353214
1491768018361549
1491768018404324
1491768018406006
1491768018431402
1491768018447627
1491768018467823
1491768018470025
1491768018490456
1491768018496194
1491768018502771
1491768018503685
1491768018503774
1491768018507554
1491768018525020
1491768018529476
1491768018536119
1491768018545542
1491768018545695
1491768018550703
1491768018561675
1491768018562565
1491768018566586
1491768018567479
1491768018581968
1491768018591406
1491768018600105
1491768018600113
1491768018601207
1491768018603857
1491768018619215
1491768018628291
1491768018630028
1491768018646671
1491768018650120
1491768018674684
1491768018679599
1491768018711850
1491768018729693
1491768018747757
1491768018756803
1491768018759503
1491768018794549
1491768018796972
1491768018803177
1491768018815774
1491768018818326
1491768018826588
1491768018841859
1491768018864330
1491768018881502
1491768018894143
1491768018908953
1491768018913473
1491768018916688
1491768018925784
1491768018928976
1491768018949047
1491768018963442
1491768018973858
1491768018979686
1491768018983287
1491768019003561
1491768019037367
1491768019042780
1491768019046960
1491768019047967
1491768019059402
1491768019066110
1491768019069779
1491768019079951
1491768019083163
1491768019090412
1491768019107778
1491768019108042
1491768019119942
1491768019121093
1491768019128926
1491768019139878
1491768019175889
1491768019178705
1491768019190296
1491768019204752
1491768019209218
1491768019209479
1491768019237777
1491768019242360
1491768019245771
1491768019247110
1491768019247386
1491768019247569
1491768019256781
1491768019278391
1491768019282132
1491768019292571
1491768019295104
1491768019303599
1491768019307948
1491768019310522
1491768019317230
1491768019359137
1491768019372852
1491768019396438
1491768019406214
1491768019408027
1491768019437603
1491768019448109
1491768019475761
1491768019477134
1491768019483770
1491768019485124
1491768019486590
1491768019489653
1491768019513687
1491768019516490
1491768019519864
1491768019545323
1491768019545584
1491768019546868
1491768019567939
1491768019573512
1491768019594789
1491768019602314
1491768019611453
1491768019620114
1491768019631285
1491768019635408
1491768019636952
1491768019647038
1491768019687561
1491768019687601
1491768019709686
1491768019711475
1491768019726953
1491768019732566
1491768019739947
1491768019742854
1491768019766788
1491768019782575
1491768019783122
1491768019831740
1491768019841772
1491768019847544
1491768019871299
1491768019884030
1491768019886685
1491768019892951
1491768019903007
1491768019909849
1491768019931668
1491768019935790
1491768019953315
1491768019957925
1491768019983874
1491768019984660
1491768019990652
1491768019990652
1491768020004858
1491768020022120
1491768020023402
1491768020034439
1491768020043437
1491768020058327
1491768020080851
1491768020099790
1491768020104053
1491768020108067
1491768020112605
1491768020113791
1491768020136937
1491768020140415
1491768020162541
1491768020174433
1491768020181974
1491768020207695
1491768020219113
1491768020225794
1491768020234229
1491768020237876
1491768020245691
1491768020264576
1491768020278021
1491768020291601
1491768020292995
1491768020306863
1491768020317067
1491768020352601
1491768020353311
1491768020355823
1491768020359846
1491768020367863
1491768020395271
1491768020420988
1491768020438890
1491768020454237
1491768020461437
1491768020470954
1491768020486416
1491768020492306
1491768020504926
1491768020512115
1491768020525683
1491768020536290
1491768020543675
1491768020565555
1491768020565694
1491768020603600
1491768020619947
1491768020623603
1491768020625978
1491768020632067
1491768020651061
1491768020659883
1491768020660362
1491768020666163
1491768020671378
1491768020672046
1491768020715772
1491768020740778
1491768020747836
1491768020760459
1491768020781504
1491768020798666
1491768020818574
1491768020830941
1491768020833693
1491768020846774
1491768020876345
1491768020892931
1491768020900008
1491768020950862
1491768020970671
1491768021049684
1491768021056191
1491768021080601
1491768021103423
1491768021105770
1491768021130213
1491768021143695
1491768021149535
1491768021179021
1491768021180087
1491768021183474
1491768021191772
1491768021216611
1491768021227038
1491768021236307
1491768021250881
1491768021262869
1491768021301501
1491768021343144
1491768021355072
1491768021366500
1491768021367208
1491768021429438
1491768021432604
1491768021436157
1491768021440774
1491768021455217
1491768021480505
1491768021483310
1491768021487780
1491768021497453
1491768021508685
1491768021510613
1491768021514542
1491768021546655
1491768021547256
1491768021583967
1491768021629210
1491768021651392
1491768021661877
1491768021662397
1491768021702488
1491768021704911
1491768021721467
1491768021731310
1491768021736797
1491768021737966
1491768021759480
1491768021767872
1491768021776406
1491768021782573
1491768021796683
1491768021802120
1491768021822601
1491768021823043
1491768021825300
1491768021875196
1491768021876601
1491768021886202
1491768021889689
1491768021899755
1491768021905975
1491768021909049
1491768021955474
1491768021958566
1491768021980106
1491768021983769
1491768021995683
1491768021998301
1491768022015473
1491768022033512
1491768022034294
1491768022049790
1491768022052893
1491768022069534
1491768022085339
1491768022091578
1491768022092970
1491768022094531
1491768022108144
1491768022123499
1491768022126310
1491768022131307
1491768022140139
1491768022193949
1491768022198600
1491768022203383
1491768022222773
1491768022225800
1491768022244451
1491768022252770
1491768022266099
1491768022270870
1491768022278290
1491768022293121
1491768022304306
1491768022311202
1491768022314687
1491768022322270
1491768022323686
1491768022328943
1491768022329684
1491768022334773
1491768022352070
1491768022369917
1491768022372066
1491768022374840
1491768022384779
1491768022391265
1491768022413509
1491768022415602
1491768022429602
1491768022451299
1491768022481063
1491768022511296
1491768022516368
1491768022520389
1491768022550601
1491768022574184
1491768022581680
1491768022600122
1491768022606952
1491768022616785
1491768022638826
1491768022639871
1491768022655601
1491768022656539
1491768022669300
1491768022771056
1491768022782308
1491768022782489
1491768022786695
1491768022787220
1491768022819145
1491768022826603
1491768022833288
1491768022834053
1491768022848147
1491768022862683
1491768022869959
1491768022874774
1491768022876936
1491768022885298
1491768022886035
1491768022889377
1491768022895340
1491768022895340
1491768022902297
1491768022906793
1491768022917975
1491768022921889
1491768022922254
1491768022936457
1491768022937695
1491768022940701
1491768022959786
1491768022983685
1491768022989575
1491768022997398
1491768023037784
1491768023047836
1491768023055330
1491768023082115
1491768023094770
1491768023103281
1491768023111057
1491768023114832
1491768023116294
1491768023131065
1491768023138235
1491768023148109
1491768023168564
1491768023194114
1491768023194379
1491768023213672
1491768023214775
1491768023216211
1491768023219465
1491768023220210
1491768023225388
1491768023237134
1491768023261409
1491768023262761
1491768023268322
1491768023277932
1491768023287360
1491768023289460
1491768023289460
1491768023291946
1491768023300394
1491768023304150
1491768023333430
1491768023348940
1491768023354542
1491768023355210
1491768023355604
1491768023359336
1491768023359782
1491768023360887
1491768023370065
1491768023403754
1491768023406113
1491768023407685
1491768023414384
1491768023423018
1491768023452951
1491768023454654
1491768023465376
1491768023476944
1491768023487650
1491768023487743
1491768023492266
1491768023492963
1491768023496947
1491768023509224
1491768023523785
1491768023537666
1491768023540869
1491768023541778
1491768023547156
1491768023559578
1491768023564843
1491768023607038
1491768023619659
1491768023637371
1491768023648550
1491768023656532
1491768023672969
1491768023702329
1491768023703319
1491768023718205
1491768023719059
1491768023737127
1491768023750038
1491768023769399
1491768023776041
1491768023780403
1491768023785694
1491768023795429
1491768023798783
1491768023802067
1491768023803528
1491768023815069
1491768023823155
1491768023824064
1491768023843602
1491768023845520
1491768023862145
1491768023865790
1491768023865882
1491768023873453
1491768023884101
1491768023891548
1491768023904689
1491768023929032
1491768023936871
1491768023957687
1491768023984042
1491768023987038
1491768024006827
1491768024008128
1491768024013209
1491768024044161
1491768024046864
1491768024048243
1491768024067383
1491768024067690
1491768024086685
1491768024090456
1491768024129691
1491768024168461
1491768024174206
1491768024186108
1491768024200113
1491768024200601
1491768024200866
1491768024201289
1491768024235942
1491768024259857
1491768024265948
1491768024274120
1491768024283853
1491768024299257
1491768024301698
1491768024326773
1491768024331672
1491768024343452
1491768024345484
1491768024377014
1491768024383271
1491768024393600
1491768024394920
1491768024397962
1491768024416462
1491768024420425
1491768024420974
1491768024422969
1491768024423327
1491768024423882
1491768024425651
1491768024432968
1491768024442293
1491768024444293
1491768024446539
1491768024449861
1491768024470405
1491768024486123
1491768024495182
1491768024528171
1491768024530128
1491768024532939
1491768024543871
1491768024559600
1491768024562693
1491768024568692
1491768024576691
1491768024577940
1491768024580419
1491768024583656
1491768024629704
1491768024633983
1491768024639236
1491768024644855
1491768024653570
1491768024658979
1491768024661783
1491768024663337
1491768024666958
1491768024694060
1491768024702688
1491768024704114
1491768024719864
1491768024734125
1491768024747127
1491768024747558
1491768024752614
1491768024766600
1491768024771877
1491768024798602
1491768024806535
1491768024808447
1491768024811790
1491768024819986
1491768024822439
1491768024827514
1491768024835429
1491768024835959
1491768024840428
1491768024860992
1491768024868602
1491768024896310
1491768024905685
1491768024926137
1491768024927097
1491768024937853
1491768024944501
1491768024949559
1491768024955778
1491768024955778
1491768024965189
1491768024970769
1491768024980941
1491768024985197
1491768024992561
1491768024996689
1491768025026202
1491768025029372
1491768025034547
1491768025035283
1491768025039775
1491768025044684
1491768025053025
1491768025058879
1491768025058879
1491768025060820
1491768025080068
1491768025094047
1491768025095197
1491768025103692
1491768025104047
1491768025109962
1491768025110471
1491768025121131
1491768025121401
1491768025135452
1491768025144685
1491768025147390
1491768025154412
1491768025169234
1491768025170782
1491768025175527
1491768025178700
1491768025196034
1491768025204752
1491768025206328
1491768025208779
1491768025210458
1491768025216929
1491768025224343
1491768025233351
1491768025237059
1491768025243537
1491768025246602
1491768025256064
1491768025261155
1491768025261336
1491768025312523
1491768025312699
1491768025312798
1491768025316508
1491768025324249
1491768025325791
1491768025334105
1491768025337670
1491768025363920
1491768025372553
1491768025373628
1491768025374354
1491768025384573
1491768025385603
1491768025390955
1491768025392921
1491768025398852
1491768025422247
1491768025422786
1491768025426604
1491768025430690
1491768025432240
1491768025433845
1491768025439982
1491768025442033
1491768025447041
1491768025448499
1491768025454569
1491768025457226
1491768025470418
1491768025473569
1491768025484071
1491768025484778
1491768025516251
1491768025518601
1491768025527193
1491768025530242
1491768025536859
1491768025538052
1491768025562845
1491768025598931
1491768025621601
1491768025639949
1491768025645930
1491768025646746
1491768025649047
1491768025650833
1491768025655162
1491768025681753
1491768025681755
1491768025689693
1491768025695299
1491768025700154
1491768025729287
1491768025731272
1491768025736573
1491768025744146
1491768025747339
1491768025751460
1491768025760133
1491768025771213
1491768025773684
1491768025781372
1491768025786944
1491768025806130
1491768025815782
1491768025816982
1491768025826488
1491768025832225
1491768025843380
1491768025843696
1491768025845191
1491768025848601
1491768025857850
1491768025863484
1491768025884998
1491768025890962
1491768025905601
1491768025915607
1491768025923854
1491768025929695
1491768025943538
1491768025975259
1491768025998501
1491768026008116
1491768026008601
1491768026017769
1491768026023382
1491768026024827
1491768026039605
1491768026061943
1491768026069165
1491768026081024
1491768026081847
1491768026098119
1491768026105204
1491768026145519
1491768026174920
1491768026175688
1491768026182038
1491768026189273
1491768026196687
1491768026203770
1491768026208701
1491768026223863
1491768026235007
1491768026247119
1491768026255214
1491768026258867
1491768026261315
1491768026270360
1491768026280412
1491768026285703
1491768026293289
1491768026307667
1491768026308272
1491768026343245
1491768026343884
1491768026351601
1491768026353481
1491768026355795
1491768026357960
1491768026359066
1491768026376578
1491768026395237
1491768026415604
1491768026422049
1491768026424829
1491768026431602
1491768026452549
1491768026456979
1491768026458606
1491768026473950
1491768026491485
1491768026494007
1491768026504482
1491768026545299
1491768026559038
1491768026567602
1491768026573948
1491768026587791
1491768026600762
1491768026612264
1491768026623370
1491768026661742
1491768026663698
1491768026665473
1491768026666601
1491768026677549
1491768026726962
1491768026734681
1491768026736545
1491768026739100
1491768026747342
1491768026749118
1491768026796682
1491768026799447
1491768026802122
1491768026802467
1491768026803022
1491768026809680
1491768026811189
1491768026818441
1491768026831178
1491768026831354
1491768026844905
1491768026857048
1491768026858610
1491768026868601
1491768026898659
1491768026919600
1491768026927684
1491768026930836
1491768026933665
1491768026935599
1491768026946345
1491768026967446
1491768026979042
1491768027004374
1491768027025599
1491768027056743
1491768027062654
1491768027067680
1491768027078775
1491768027086683
1491768027087935
1491768027093600
1491768027113274
1491768027116682
1491768027125770
1491768027134192
1491768027146769
1491768027150514
1491768027190774
1491768027193451
1491768027212766
1491768027225282
1491768027232288
1491768027271564
1491768027282686
1491768027282686
1491768027287466
1491768027291574
1491768027295472
1491768027299842
1491768027314121
1491768027314121
1491768027324380
1491768027339123
1491768027350022
1491768027352378
1491768027354256
1491768027374432
1491768027395323
1491768027421231
1491768027422793
1491768027428688
1491768027454137
1491768027476955
1491768027481571
1491768027482298
1491768027503038
1491768027509476
1491768027542261
1491768027554069
1491768027559187
1491768027583110
1491768027617689
1491768027658224
1491768027687245
1491768027704406
1491768027706172
1491768027720983
1491768027723315
1491768027726882
1491768027736857
1491768027741781
1491768027742838
1491768027751293
1491768027754583
1491768027769066
1491768027777869
1491768027784694
1491768027799508
1491768027800332
1491768027802165
1491768027802347
1491768027845863
1491768027851045
1491768027853917
1491768027860213
1491768027868461
1491768027875583
1491768027899800
1491768027918510
1491768027920660
1491768027956282
1491768027966224
1491768027967938
1491768027969041
1491768027969047
1491768027974876
1491768028002977
1491768028010362
1491768028012869
1491768028014379
1491768028019159
1491768028030107
1491768028068973
1491768028069494
1491768028076034
1491768028110083
1491768028119410
1491768028124747
1491768028132600
1491768028133772
1491768028147682
1491768028152495
1491768028164046
1491768028164046
1491768028176974
1491768028183382
1491768028185675
1491768028197606
1491768028199395
1491768028214252
1491768028215057
1491768028216600
1491768028220323
1491768028227788
1491768028230060
1491768028240950
1491768028243136
1491768028251845
1491768028254268
1491768028258779
1491768028282603
1491768028285873
1491768028302604
1491768028308134
1491768028311695
1491768028344391
1491768028346290
1491768028346865
1491768028347211
1491768028360932
1491768028384206
1491768028386655
1491768028404329
1491768028407342
1491768028416860
1491768028446485
1491768028448043
1491768028454955
1491768028471868
1491768028472655
1491768028475775
1491768028475863
1491768028484335
1491768028498378
1491768028514119
1491768028533601
1491768028537302
1491768028578689
1491768028580344
1491768028591694
1491768028629779
1491768028630952
1491768028634972
1491768028635414
1491768028640485
1491768028640490
1491768028671464
1491768028678297
1491768028710785
1491768028732133
1491768028740323
1491768028751895
1491768028770414
1491768028773382
1491768028776673
1491768028782688
1491768028790942
1491768028800026
1491768028806188
1491768028827454
1491768028830867
1491768028844287
1491768028849576
1491768028860033
1491768028862865
1491768028868222
1491768028868484
1491768028878684
1491768028882666
1491768028894144
1491768028905402
1491768028906021
1491768028924545
1491768028932558
1491768028948465
1491768028952036
1491768028965549
1491768028981549
1491768028986032
1491768028987756
1491768028988438
1491768029003377
1491768029009690
1491768029018375
1491768029041599
1491768029065050
1491768029065777
1491768029068293
1491768029085217
1491768029120384
1491768029123752
1491768029153483
1491768029160538
1491768029170126
1491768029179540
1491768029189686
1491768029192944
1491768029210433
1491768029217150
1491768029223338
1491768029244041
1491768029248215
1491768029252880
1491768029276753
1491768029279623
1491768029293470
1491768029302122
1491768029328304
1491768029331044
1491768029338024
1491768029343025
1491768029352052
1491768029353266
1491768029358869
1491768029366363
1491768029368081
1491768029375180
1491768029383323
1491768029406969
1491768029418454
1491768029420849
1491768029436546
1491768029447128
1491768029470719
1491768029495132
1491768029500554
1491768029500779
1491768029506683
1491768029510876
1491768029512548
1491768029513326
1491768029520569
1491768029522215
1491768029530217
1491768029537414
1491768029549778
1491768029556399
1491768029557278
1491768029579698
1491768029587298
1491768029618882
1491768029621794
1491768029629887
1491768029631503
1491768029632869
1491768029633424
1491768029635979
1491768029640615
1491768029642428
1491768029643518
1491768029649787
1491768029653688
1491768029667922
1491768029676600
1491768029676603
1491768029677322
1491768029684982
1491768029685420
1491768029687797
1491768029689472
1491768029694047
1491768029697854
1491768029698026
1491768029707368
1491768029715282
1491768029716682
1491768029717498
1491768029731746
1491768029732869
1491768029740771
1491768029743025
1491768029743685
1491768029758434
1491768029765333
1491768029770481
1491768029779129
1491768029782233
1491768029782695
1491768029791290
1491768029811477
1491768029813021
1491768029831033
1491768029832952
1491768029836047
1491768029837606
1491768029847563
1491768029852750
1491768029857504
1491768029863961
1491768029879537
1491768029879782
1491768029897503
1491768029897689
1491768029899605
1491768029907665
1491768029910537
1491768029924944
1491768029936943
1491768029941388
1491768029949951
1491768029964294
1491768029968851
1491768029973022
1491768029996208
1491768029997944
1491768029999650
1491768030001759
1491768030003879
1491768030020119
1491768030031376
1491768030042037
1491768030049374
1491768030054506
1491768030055422
1491768030057844
1491768030060743
1491768030062049
1491768030069772
1491768030073693
1491768030076305
1491768030078683
1491768030083508
1491768030096870
1491768030097675
1491768030107666
1491768030113951
1491768030127296
1491768030133567
1491768030138685
1491768030139857
1491768030145468
1491768030153848
1491768030170122
1491768030182862
1491768030225959
1491768030226236
1491768030226414
1491768030231695
1491768030233683
1491768030246604
1491768030254305
1491768030266437
1491768030268684
1491768030271355
1491768030281036
1491768030292285
1491768030292285
1491768030299947
1491768030308747
1491768030313040
1491768030315692
1491768030345214
1491768030360113
1491768030360459
1491768030366603
1491768030370082
1491768030373862
1491768030383766
1491768030388941
1491768030391690
1491768030398213
1491768030402268
1491768030403832
1491768030431532
1491768030432284
1491768030437208
1491768030439601
1491768030444953
1491768030462781
1491768030471332
1491768030474430
1491768030479968
1491768030487784
1491768030514991
1491768030534525
1491768030561882
1491768030582838
1491768030587656
1491768030605660
1491768030609040
1491768030613844
1491768030615579
1491768030624903
1491768030634975
1491768030647775
1491768030690317
1491768030698533
1491768030710330
1491768030711499
1491768030712584
1491768030713048
1491768030714023
1491768030754782
1491768030789062
1491768030834841
1491768030839058
1491768030843390
1491768030864768
1491768030875364
1491768030887135
1491768030923241
1491768030926669
1491768030930393
1491768030965451
1491768030966247
1491768030968141
1491768030970784
1491768030981059
1491768030987323
1491768031001778
1491768031009016
1491768031011606
1491768031023789
1491768031028591
1491768031032600
1491768031040215
1491768031041305
1491768031055600
1491768031080746
1491768031088386
1491768031107686
1491768031111545
1491768031113300
1491768031126184
1491768031126184
1491768031127860
1491768031136274
1491768031162258
1491768031168542
1491768031170874
1491768031177435
1491768031181203
1491768031181755
1491768031188780
1491768031191137
1491768031193566
1491768031216361
1491768031222185
1491768031254434
1491768031259556
1491768031316015
1491768031321300
1491768031361779
1491768031363832
1491768031365248
1491768031368574
1491768031423795
1491768031426361
1491768031426529
1491768031432028
1491768031454376
1491768031471778
1491768031474297
1491768031475200
1491768031482373
1491768031482599
1491768031483912
1491768031503374
1491768031505023
1491768031508277
1491768031512937
1491768031517667
1491768031520190
1491768031546609
1491768031549605
1491768031562156
1491768031566343
1491768031575608
1491768031584582
1491768031597113
1491768031600607
1491768031616929
1491768031622479
1491768031661256
1491768031669441
1491768031673687
1491768031676889
1491768031684357
1491768031711111
1491768031714936
1491768031728475
1491768031753422
1491768031762097
1491768031767186
1491768031769275
1491768031770680
1491768031776401
1491768031783703
1491768031789357
1491768031793887
1491768031796873
1491768031827406
1491768031844856
1491768031849030
1491768031855424
1491768031866554
1491768031871770
1491768031872839
1491768031891446
1491768031922951
1491768031928736
1491768031930479
1491768031950778
1491768031966135
1491768031970204
1491768031985498
1491768031988440
1491768032005205
1491768032011015
1491768032012842
1491768032018754
1491768032026778
1491768032035173
1491768032054035
1491768032056602
1491768032062751
1491768032064296
1491768032071383
1491768032084467
1491768032134775
1491768032140583
1491768032148858
1491768032149477
1491768032163041
1491768032164666
1491768032168855
1491768032171831
1491768032174031
1491768032180925
1491768032189021
1491768032196208
1491768032198696
1491768032201697
1491768032202487
1491768032209871
1491768032241700
1491768032274456
1491768032285873
1491768032309098
1491768032329686
1491768032333119
1491768032343601
1491768032380748
1491768032402204
1491768032407602
1491768032430356
1491768032458684
1491768032461945
1491768032504490
1491768032515686
1491768032516604
1491768032532609
1491768032534981
1491768032537610
1491768032553516
1491768032566777
1491768032567130
1491768032568145
1491768032573888
1491768032601699
1491768032608050
1491768032612785
1491768032622479
1491768032625016
1491768032651685
1491768032653691
1491768032678300
1491768032682134
1491768032682671
1491768032697826
1491768032708501
1491768032713951
1491768032715468
1491768032725443
1491768032734770
1491768032739012
1491768032739012
1491768032757553
1491768032763369
1491768032766667
1491768032777252
1491768032781709
1491768032793210
1491768032794042
1491768032795601
1491768032814940
1491768032820937
1491768032824549
1491768032830951
1491768032834297
1491768032838124
1491768032855566
1491768032857205
1491768032865060
1491768032878277
1491768032891790
1491768032902894
1491768032905608
1491768032910049
1491768032911691
1491768032922948
1491768032931145
1491768032948154
1491768032949850
1491768032991213
1491768032993483
1491768032993930
1491768033003505
1491768033014868
1491768033022605
1491768033027485
1491768033047487
1491768033048097
1491768033053683
1491768033054683
1491768033066681
1491768033067613
1491768033075565
1491768033081009
1491768033088293
1491768033100605
1491768033108541
1491768033115682
1491768033120299
1491768033124053
1491768033132208
1491768033141688
1491768033142406
1491768033146801
1491768033149788
1491768033151233
1491768033170744
1491768033206270
1491768033206622
1491768033207322
1491768033208044
1491768033217231
1491768033221839
1491768033223382
1491768033227378
1491768033276977
1491768033280691
1491768033291962
1491768033300602
1491768033327203
1491768033342546
1491768033360605
1491768033366196
1491768033421863
1491768033426490
1491768033430323
1491768033437061
1491768033443208
1491768033452575
1491768033453291
1491768033472909
1491768033483221
1491768033495851
1491768033504656
1491768033517122
1491768033527929
1491768033563155
1491768033568387
1491768033575031
1491768033583567
1491768033587769
1491768033604844
1491768033615436
1491768033617025
1491768033620490
1491768033621612
1491768033628403
1491768033630382
1491768033631548
1491768033637955
1491768033645114
1491768033660427
1491768033678831
1491768033685687
1491768033693860
1491768033726530
1491768033741225
1491768033743740
1491768033765661
1491768033765661
1491768033775033
1491768033776125
1491768033777370
1491768033779568
1491768033808536
1491768033814688
1491768033815701
1491768033820306
1491768033825890
1491768033838677
1491768033845300
1491768033869219
1491768033871690
1491768033880482
1491768033887687
1491768033932260
1491768033935606
1491768033943169
1491768033943260
1491768033953437
1491768033989621
1491768034000140
1491768034009232
1491768034011663
1491768034013409
1491768034019414
1491768034019518
1491768034020140
1491768034023222
1491768034029224
1491768034039956
1491768034041867
1491768034049784
1491768034071684
1491768034079763
1491768034095289
1491768034106888
1491768034123684
1491768034132378
1491768034156771
1491768034159354
1491768034161961
1491768034162807
1491768034179167
1491768034182997
1491768034185337
1491768034197144
1491768034197791
1491768034267552
1491768034301608
1491768034320279
1491768034323608
1491768034326506
1491768034339030
1491768034358122
1491768034376885
1491768034413938
1491768034450603
1491768034450770
1491768034457873
1491768034470434
1491768034480991
1491768034480991
1491768034493118
1491768034496300
1491768034502669
1491768034508214
1491768034530494
1491768034545453
1491768034550769
1491768034561687
1491768034568284
1491768034583499
1491768034585575
1491768034634273
1491768034646778
1491768034663489
1491768034679602
1491768034703046
1491768034718784
1491768034722156
1491768034734041
1491768034757462
1491768034773335
1491768034774525
1491768034776692
1491768034778236
1491768034786213
1491768034795602
1491768034799555
1491768034803777
1491768034807931
1491768034809551
1491768034815107
1491768034821770
1491768034838655
1491768034846861
1491768034854686
1491768034861518
1491768034865541
1491768034867426
1491768034871689
1491768034878525
1491768034881422
1491768034891606
1491768034906660
1491768034931751
1491768034932181
1491768034959755
1491768034966389
1491768034981918
1491768035008495
1491768035009110
1491768035015952
1491768035022025
1491768035022025
1491768035022943
1491768035034554
1491768035047977
1491768035050977
1491768035056250
1491768035066526
1491768035074312
1491768035087143
1491768035126036
1491768035130602
1491768035164962
1491768035185544
1491768035204781
1491768035244257
1491768035265231
1491768035268834
1491768035269262
1491768035269271
1491768035273753
1491768035302389
1491768035308696
1491768035325397
1491768035330122
1491768035342982
1491768035370947
1491768035371851
1491768035387868
1491768035396602
1491768035406865
1491768035417053
1491768035421685
1491768035423557
1491768035496265
1491768035518461
1491768035540420
1491768035555312
1491768035564401
1491768035584854
1491768035609692
1491768035625973
1491768035639169
1491768035657380
1491768035659239
1491768035681683
1491768035720688
1491768035721958
1491768035733256
1491768035741873
1491768035742216
1491768035762949
1491768035770601
1491768035771474
1491768035783424
1491768035786691
1491768035803047
1491768035810279
1491768035811577
1491768035821973
1491768035836590
1491768035848656
1491768035857114
1491768035873853
1491768035880223
1491768035903211
1491768035939508
1491768035945307
1491768035955297
1491768035956395
1491768035964601
1491768035968320
1491768035971693
1491768035981196
1491768035985040
1491768036002204
1491768036009692
1491768036021775
1491768036068137
1491768036080602
1491768036091837
1491768036097874
1491768036099689
1491768036107300
1491768036120079
1491768036130937
1491768036149698
1491768036155158
1491768036166854
1491768036175960
1491768036184589
1491768036217186
1491768036256552
1491768036296956
1491768036311581
1491768036312849
1491768036318138
1491768036332965
1491768036346229
1491768036398846
1491768036404963
1491768036423836
1491768036427957
1491768036462195
1491768036464549
1491768036464716
1491768036467769
1491768036479241
1491768036482680
1491768036489608
1491768036497136
1491768036506956
1491768036507607
1491768036526949
1491768036533664
1491768036542748
1491768036543604
1491768036553346
1491768036564177
1491768036596833
1491768036607686
1491768036637036
1491768036642035
1491768036642577
1491768036644866
1491768036659844
1491768036666023
1491768036690865
1491768036697543
1491768036716601
1491768036717555
1491768036733268
1491768036744978
1491768036763146
1491768036765048
1491768036779103
1491768036780205
1491768036784041
1491768036785086
1491768036785538
1491768036787990
1491768036793067
1491768036794974
1491768036810137
1491768036818390
1491768036826654
1491768036844479
1491768036857799
1491768036878486
1491768036890783
1491768036893686
1491768036915515
1491768036943317
1491768036980396
1491768037024021
1491768037030659
1491768037034777
1491768037036212
1491768037047554
1491768037049409
1491768037061661
1491768037074323
1491768037077182
1491768037080329
1491768037092950
1491768037109106
1491768037114558
1491768037118584
1491768037120510
1491768037121876
1491768037135779
1491768037138066
1491768037142787
1491768037162955
1491768037170604
1491768037173857
1491768037176582
1491768037186204
1491768037192696
1491768037224065
1491768037227489
1491768037257447
1491768037291202
1491768037292551
1491768037293189
1491768037304292
1491768037328873
1491768037330567
1491768037347869
1491768037353683
1491768037365770
1491768037368946
1491768037373693
1491768037374897
1491768037382468
1491768037386654
1491768037387190
1491768037396040
1491768037411527
1491768037418440
1491768037421125
1491768037429657
1491768037439018
1491768037441290
1491768037453466
1491768037474418
1491768037475039
1491768037477308
1491768037480752
1491768037491167
1491768037504667
1491768037504672
1491768037511467
1491768037557958
1491768037563654
1491768037568129
1491768037582770
1491768037583197
1491768037584463
1491768037586602
1491768037593880
1491768037596159
1491768037652860
1491768037665494
1491768037665494
1491768037683682
1491768037714490
1491768037728128
1491768037733174
1491768037738156
1491768037740878
1491768037778941
1491768037782298
1491768037815121
1491768037816304
1491768037819293
1491768037829688
1491768037843145
1491768037869805
1491768037871602
1491768037883300
1491768037888688
1491768037909560
1491768037916873
1491768037929071
1491768037938503
1491768037941197
1491768037948039
1491768037966691
1491768037987036
1491768037987126
1491768037998604
1491768038003463
1491768038012179
1491768038024853
1491768038031102
1491768038042250
1491768038067652
1491768038074688
1491768038078600
1491768038092602
1491768038093927
1491768038103665
1491768038107602
1491768038126937
1491768038129571
1491768038137376
1491768038148457
1491768038149653
1491768038159172
1491768038163284
1491768038165379
1491768038177790
1491768038178903
1491768038183605
1491768038197311
1491768038219378
1491768038226216
1491768038231699
1491768038246668
1491768038262298
1491768038280452
1491768038283354
1491768038288099
1491768038312753
1491768038321692
1491768038328866
1491768038333038
1491768038353388
1491768038369600
1491768038374447
1491768038385920
1491768038386192
1491768038407298
1491768038415701
1491768038417161
1491768038423392
1491768038428602
1491768038446577
1491768038457954
1491768038460777
1491768038461772
1491768038487187
1491768038502869
1491768038589602
1491768038592212
1491768038599834
1491768038602566
1491768038606211
1491768038612461
1491768038612777
1491768038617941
1491768038620944
1491768038623127
1491768038626177
1491768038631935
1491768038644773
1491768038653685
1491768038668943
1491768038673015
1491768038674655
1491768038683544
1491768038684716
1491768038708148
1491768038713879
1491768038714602
1491768038717867
1491768038721426
1491768038725927
1491768038732280
1491768038735137
1491768038737774
1491768038759605
1491768038774248
1491768038787138
1491768038788220
1491768038803760
1491768038807790
1491768038814849
1491768038823212
1491768038828947
1491768038829544
1491768038838029
1491768038841686
1491768038846304
1491768038860601
1491768038860769
1491768038863945
1491768038868104
1491768038880170
1491768038891379
1491768038894113
1491768038906248
1491768038909609
1491768038919310
1491768038920955
1491768038929345
1491768038947603
1491768038958687
1491768038962486
1491768039019376
1491768039022974
1491768039032159
1491768039045386
1491768039052013
1491768039064488
1491768039071330
1491768039074881
1491768039097050
1491768039097876
1491768039099031
1491768039121673
1491768039128604
1491768039135959
1491768039210686
1491768039220858
1491768039244866
1491768039247968
1491768039297048
1491768039319302
1491768039344565
1491768039349192
1491768039354990
1491768039355176
1491768039367340
1491768039406119
1491768039478295
1491768039485651
1491768039491946
1491768039501943
1491768039520602
1491768039523117
1491768039538020
1491768039545772
1491768039555694
1491768039556454
1491768039567146
1491768039574402
1491768039589695
1491768039590046
1491768039590408
1491768039602698
1491768039604545
1491768039618042
1491768039633688
1491768039646040
1491768039651866
1491768039658599
1491768039659479
1491768039670577
1491768039674959
1491768039684410
1491768039688511
1491768039704338
1491768039716676
1491768039721787
1491768039741023
1491768039766045
1491768039766406
1491768039790690
1491768039795771
1491768039807790
1491768039820978
1491768039860693
1491768039869602
1491768039878981
1491768039880162
1491768039888503
1491768039894612
1491768039911487
1491768039926024
1491768039931207
1491768039938571
1491768039939437
1491768039957225
1491768039969776
1491768039970213
1491768039975454
1491768039975601
1491768039982689
1491768039987602
1491768039996886
1491768040008284
1491768040043518
1491768040048659
1491768040050051
1491768040053311
1491768040056231
1491768040080914
1491768040081439
1491768040085772
1491768040108383
1491768040121398
1491768040126508
1491768040134247
1491768040140319
1491768040162114
1491768040166600
1491768040187445
1491768040191855
1491768040198295
1491768040198945
1491768040200485
1491768040216055
1491768040230165
1491768040237875
1491768040242680
1491768040276894
1491768040280877
1491768040286855
1491768040287317
1491768040297020
1491768040297862
1491768040306691
1491768040309782
1491768040311779
1491768040313963
1491768040320432
1491768040335433
1491768040336346
1491768040353714
1491768040366879
1491768040377400
1491768040381861
1491768040391605
1491768040400043
1491768040407697
1491768040410135
1491768040414789
1491768040427565
1491768040438466
1491768040440207
1491768040483152
1491768040511126
1491768040521671
1491768040522205
1491768040538184
1491768040549473
1491768040558934
1491768040566192
1491768040573081
1491768040587466
1491768040637310
1491768040650877
1491768040670127
1491768040681213
1491768040686692
1491768040686860
1491768040688945
1491768040691396
1491768040693924
1491768040702213
1491768040713037
1491768040714360
1491768040714604
1491768040717610
1491768040736683
1491768040740194
1491768040750024
1491768040750957
1491768040759454
1491768040771392
1491768040773373
1491768040779305
1491768040809559
1491768040833205
1491768040836685
1491768040844419
1491768040885021
1491768040912798
1491768040914160
1491768040930321
1491768040947206
1491768040953024
1491768040961302
1491768040983588
1491768040990262
1491768041000569
1491768041018208
1491768041029127
1491768041034514
1491768041039274
1491768041066051
1491768041067196
1491768041069696
1491768041077685
1491768041093413
1491768041094382
1491768041096030
1491768041127957
1491768041131790
1491768041133386
1491768041137936
1491768041140775
1491768041142927
1491768041149752
1491768041158208
1491768041183775
1491768041183782
1491768041205198
1491768041218970
1491768041221547
1491768041237052
1491768041262147
1491768041263508
1491768041271947
1491768041297447
1491768041303922
1491768041329682
1491768041336687
1491768041341479
1491768041356402
1491768041370030
1491768041378384
1491768041382055
1491768041397691
1491768041401857
1491768041412601
1491768041426657
1491768041441600
1491768041445306
1491768041451133
1491768041453694
1491768041462313
1491768041469192
1491768041489088
1491768041552290
1491768041560835
1491768041608255
1491768041617786
1491768041647028
1491768041647457
1491768041656838
1491768041657374
1491768041662762
1491768041675567
1491768041676967
1491768041678223
1491768041697943
1491768041712472
1491768041716243
1491768041722224
1491768041738550
1491768041739779
1491768041742777
1491768041743460
1491768041747520
1491768041760463
1491768041764719
1491768041766353
1491768041777070
1491768041788613
1491768041797603
1491768041817019
1491768041844853
1491768041853482
1491768041853912
1491768041856855
1491768041880470
1491768041881118
1491768041885765
1491768041889473
1491768041899355
1491768041901846
1491768041950397
1491768041956839
1491768041958221
1491768041966338
1491768041998456
1491768042014771
1491768042020471
1491768042044134
1491768042046555
1491768042046562
1491768042047324
1491768042053767
1491768042078686
1491768042081386
1491768042087039
1491768042103687
1491768042107485
1491768042130660
1491768042133606
1491768042141066
1491768042143532
1491768042149675
1491768042154752
1491768042157685
1491768042160384
1491768042166694
1491768042168773
1491768042183212
1491768042189683
1491768042193390
1491768042212689
1491768042216802
1491768042219685
1491768042235773
1491768042235773
1491768042245213
1491768042246298
1491768042248575
1491768042267024
1491768042300145
1491768042300337
1491768042308060
1491768042315611
1491768042341860
1491768042345573
1491768042349568
1491768042355777
1491768042358124
1491768042362314
1491768042365957
1491768042368839
1491768042384040
1491768042392686
1491768042411788
1491768042425778
1491768042427385
1491768042429518
1491768042445215
1491768042451604
1491768042452689
1491768042457130
1491768042479117
1491768042484362
1491768042517665
1491768042517936
1491768042525376
1491768042536857
1491768042538041
1491768042548222
1491768042575863
1491768042576966
1491768042577136
1491768042578377
1491768042594779
1491768042597867
1491768042606292
1491768042617034
1491768042619852
1491768042639972
1491768042716040
1491768042716750
1491768042725224
1491768042727577
1491768042729777
1491768042738259
1491768042743600
1491768042762064
1491768042767402
1491768042782296
1491768042785802
1491768042805182
1491768042806766
1491768042824753
1491768042834921
1491768042843360
1491768042846742
1491768042850133
1491768042850138
1491768042850678
1491768042852746
1491768042853668
1491768042877604
1491768042884765
1491768042892958
1491768042893133
1491768042911789
1491768042914700
1491768042918795
1491768042920723
1491768042931127
1491768042932301
1491768042945129
1491768042949758
1491768042962869
1491768042968550
1491768042970051
1491768042982059
1491768043005758
1491768043009464
1491768043034379
1491768043041686
1491768043149294
1491768043150475
1491768043181062
1491768043183338
1491768043192231
1491768043194875
1491768043224448
1491768043238142
1491768043250792
1491768043253604
1491768043258075
1491768043328946
1491768043337319
1491768043342414
1491768043350309
1491768043357052
1491768043359459
1491768043369686
1491768043371872
1491768043373582
1491768043375917
1491768043389576
1491768043413865
1491768043436268
1491768043455203
1491768043476688
1491768043499559
1491768043560017
1491768043574480
1491768043611024
1491768043613657
1491768043635135
1491768043636171
1491768043643934
1491768043650269
1491768043658393
1491768043670145
1491768043687505
1491768043709602
1491768043712844
1491768043726948
1491768043743085
1491768043744564
1491768043809462
1491768043835259
1491768043847495
1491768043858504
1491768043875400
1491768043895279
1491768043920305
1491768043930846
1491768043931605
1491768043943778
1491768043957394
1491768043968513
1491768043976129
1491768043980243
1491768043988126
1491768044000475
1491768044001291
1491768044015872
1491768044018774
1491768044023032
1491768044031798
1491768044071123
1491768044075869
1491768044086662
1491768044093980
1491768044104657
1491768044118868
1491768044152395
1491768044178845
1491768044195758
1491768044211776
1491768044251554
1491768044257549
1491768044265199
1491768044276688
1491768044279462
1491768044300846
1491768044320872
1491768044325681
1491768044335295
1491768044349290
1491768044363602
1491768044371311
1491768044433686
1491768044433951
1491768044494899
1491768044500279
1491768044505461
1491768044522799
1491768044533781
1491768044555666
1491768044559845
1491768044569770
1491768044582481
1491768044583774
1491768044583783
1491768044596785
1491768044618711
1491768044641711
1491768044659883
1491768044664542
1491768044670350
1491768044675146
1491768044676457
1491768044683522
1491768044686784
1491768044694072
1491768044709611
1491768044759509
1491768044763959
1491768044764154
1491768044775306
1491768044791606
1491768044796584
1491768044796584
1491768044798654
1491768044800214
1491768044801482
1491768044810142
1491768044813855
1491768044821439
1491768044824559
1491768044826939
1491768044832552
1491768044836374
1491768044843571
1491768044844219
1491768044847171
1491768044851879
1491768044858250
1491768044864747
1491768044874112
1491768044877923
1491768044899872
1491768044917605
1491768044929187
1491768044935454
1491768044937114
1491768044943692
1491768044945603
1491768044954499
1491768044955889
1491768044958695
1491768044963237
1491768044968790
1491768044970423
1491768044982949
1491768044996290
1491768045002373
1491768045006193
1491768045018611
1491768045026244
1491768045037132
1491768045038291
1491768045054205
1491768045065357
1491768045077554
1491768045088779
1491768045091144
1491768045101816
1491768045114273
1491768045129781
1491768045134987
1491768045137523
1491768045147079
1491768045206142
1491768045213600
1491768045213688
1491768045216585
1491768045236947
1491768045250758
1491768045255298
1491768045269319
1491768045271879
1491768045273313
1491768045283098
1491768045290403
1491768045292399
1491768045314877
1491768045323690
1491768045342146
1491768045350549
1491768045351074
1491768045364352
1491768045367667
1491768045371996
1491768045373119
1491768045374443
1491768045386258
1491768045397954
1491768045428451
1491768045444688
1491768045448454
1491768045454868
1491768045482396
1491768045492304
1491768045498604
1491768045500514
1491768045502456
1491768045509309
1491768045516292
1491768045517036
1491768045526385
1491768045556545
1491768045569881
1491768045572342
1491768045573687
1491768045577600
1491768045606956
1491768045608779
1491768045632699
1491768045646100
1491768045671697
1491768045673107
1491768045678197
1491768045681002
1491768045688095
1491768045698530
1491768045700482
1491768045704696
1491768045727943
1491768045730449
1491768045736774
1491768045737546
1491768045750836
1491768045754589
1491768045761599
1491768045765346
1491768045775214
1491768045779837
1491768045782468
1491768045798309
1491768045808538
1491768045818856
1491768045824770
1491768045827358
1491768045830083
1491768045838177
1491768045838177
1491768045853247
1491768045871148
1491768045887769
1491768045890208
1491768045905683
1491768045917761
1491768045935859
1491768045956603
1491768045958758
1491768045973038
1491768045974783
1491768045992602
1491768045996488
1491768046008700
1491768046038326
1491768046046981
1491768046059884
1491768046063994
1491768046067608
1491768046068520
1491768046073497
1491768046086243
1491768046091708
1491768046113837
1491768046116217
1491768046146859
1491768046147383
1491768046157140
1491768046157801
1491768046159575
1491768046175385
1491768046178302
1491768046195604
1491768046200246
1491768046206711
1491768046220436
1491768046227064
1491768046241072
1491768046250696
1491768046252976
1491768046261713
1491768046265079
1491768046266786
1491768046288378
1491768046293547
1491768046297252
1491768046297601
1491768046319688
1491768046320318
1491768046321391
1491768046331472
1491768046332271
1491768046339693
1491768046340802
1491768046344846
1491768046346874
1491768046352746
1491768046380086
1491768046386286
1491768046387195
1491768046399135
1491768046401095
1491768046403361
1491768046424843
1491768046442676
1491768046445246
1491768046454040
1491768046454061
1491768046458757
1491768046494561
1491768046505924
1491768046509965
1491768046523777
1491768046544025
1491768046559866
1491768046579306
1491768046589927
1491768046596964
1491768046601606
1491768046608604
1491768046609369
1491768046616744
1491768046621783
1491768046628548
1491768046634836
1491768046650228
1491768046659773
1491768046678570
1491768046687152
1491768046729264
1491768046759102
1491768046775425
1491768046775972
1491768046810117
1491768046820481
1491768046822057
1491768046826368
1491768046839059
1491768046844689
1491768046863559
1491768046867946
1491768046877223
1491768046906605
1491768046913777
1491768046920770
1491768046964671
1491768046971105
1491768046971444
1491768046977620
1491768047014690
1491768047019536
1491768047038196
1491768047054450
1491768047061370
1491768047067214
1491768047074152
1491768047079866
1491768047084880
1491768047108050
1491768047109855
1491768047110478
1491768047114828
1491768047115600
1491768047125127
1491768047129582
1491768047135038
1491768047143764
1491768047151484
1491768047158482
1491768047163947
1491768047173119
1491768047187275
1491768047202214
1491768047206685
1491768047242355
1491768047244537
1491768047252882
1491768047252890
1491768047253540
1491768047278892
1491768047285993
1491768047286446
1491768047287335
1491768047314227
1491768047322373
1491768047322475
1491768047322853
1491768047332852
1491768047361950
1491768047363403
1491768047370319
1491768047371532
1491768047379533
1491768047395432
1491768047400777
1491768047413704
1491768047423601
1491768047441210
1491768047442918
1491768047446508
1491768047449692
1491768047462174
1491768047469119
1491768047477461
1491768047481290
1491768047482937
1491768047498438
1491768047506490
1491768047509776
1491768047525426
1491768047528552
1491768047550479
1491768047553878
1491768047555309
1491768047560876
1491768047570388
1491768047572123
1491768047577861
1491768047582571
1491768047606609
1491768047615487
1491768047638517
1491768047651157
1491768047680248
1491768047681260
1491768047693985
1491768047718034
1491768047750263
1491768047769210
1491768047769773
1491768047774961
1491768047777783
1491768047778510
1491768047796657
1491768047799879
1491768047800166
1491768047801435
1491768047804885
1491768047818220
1491768047829502
1491768047842095
1491768047845210
1491768047875361
1491768047886588
1491768047888688
1491768047895694
1491768047895793
1491768047898849
1491768047902529
1491768047904885
1491768047917268
1491768047929658
1491768047939884
1491768047970951
1491768047974083
1491768047977979
1491768047983356
1491768047996332
1491768048002530
1491768048005468
1491768048026388
1491768048034158
1491768048046860
1491768048065271
1491768048077874
1491768048084029
1491768048099615
1491768048133669
1491768048142173
1491768048146066
1491768048206500
1491768048224812
1491768048233052
1491768048236494
1491768048241836
1491768048263567
1491768048269603
1491768048282227
1491768048306058
1491768048312486
1491768048323035
1491768048329111
1491768048338186
1491768048343682
1491768048356055
1491768048357587
1491768048368778
1491768048372401
1491768048381515
1491768048392301
1491768048399286
1491768048402309
1491768048406840
1491768048414873
1491768048415662
1491768048417136
1491768048424236
1491768048439026
1491768048442869
1491768048452462
1491768048455602
1491768048455860
1491768048474693
1491768048482693
1491768048483837
1491768048490051
1491768048518783
1491768048524420
1491768048526696
1491768048536312
1491768048549771
1491768048583055
1491768048595436
1491768048606320
1491768048608139
1491768048610154
1491768048617691
1491768048624601
1491768048628135
1491768048642600
1491768048659320
1491768048660580
1491768048663583
1491768048681101
1491768048682892
1491768048708190
1491768048721372
1491768048723683
1491768048747600
1491768048793690
1491768048821123
1491768048824865
1491768048832571
1491768048854443
1491768048892395
1491768048909961
1491768048932679
1491768048935483
1491768048937299
1491768048948414
1491768048967299
1491768048974564
1491768048994307
1491768048998505
1491768049002036
1491768049008155
1491768049008686
1491768049014685
1491768049025282
1491768049033045
1491768049076852
1491768049089557
1491768049092120
1491768049094025
1491768049103191
1491768049141948
1491768049143745
1491768049165202
1491768049173960
1491768049244774
1491768049255038
1491768049256867
1491768049271795
1491768049334327
1491768049334837
1491768049344005
1491768049351568
1491768049352586
1491768049355209
1491768049359293
1491768049414702
1491768049421103
1491768049427107
1491768049454606
1491768049459010
1491768049480254
1491768049504915
1491768049506132
1491768049510528
1491768049515483
1491768049529042
1491768049530502
1491768049535865
1491768049537113
1491768049540317
1491768049557224
1491768049558606
1491768049595407
1491768049612842
1491768049685784
1491768049686062
1491768049719059
1491768049721673
1491768049732600
1491768049739582
1491768049748740
1491768049754864
1491768049762601
1491768049771601
1491768049777453
1491768049781961
1491768049791126
1491768049792280
1491768049798524
1491768049799653
1491768049811961
1491768049814224
1491768049817743
1491768049835600
1491768049851033
1491768049853212
1491768049855477
1491768049857662
1491768049885673
1491768049895283
1491768049929803
1491768049932458
1491768049966954
1491768050019801
1491768050042991
1491768050049472
1491768050094687
1491768050106044
1491768050109951
1491768050116196
1491768050119601
1491768050132775
1491768050132965
1491768050150655
1491768050160300
1491768050172192
1491768050186578
1491768050196583
1491768050212603
1491768050233691
1491768050270028
1491768050294229
1491768050294485
1491768050322942
1491768050325002
1491768050358765
1491768050387204
1491768050396448
1491768050404441
1491768050416706
1491768050419761
1491768050426034
1491768050435753
1491768050478013
1491768050479405
1491768050482917
1491768050495749
1491768050518683
1491768050559111
1491768050566872
1491768050595218
1491768050612135
1491768050615602
1491768050625469
1491768050627306
1491768050637206
1491768050640559
1491768050647536
1491768050694047
1491768050694586
1491768050726538
1491768050752780
1491768050755974
1491768050766655
1491768050786373
1491768050786863
1491768050805604
1491768050805782
1491768050817958
1491768050817958
1491768050823468
1491768050827671
1491768050830288
1491768050848297
1491768050866607
1491768050872150
1491768050880763
1491768050881754
1491768050886697
1491768050887666
1491768050895048
1491768050899312
1491768050916129
1491768050917778
1491768050926462
1491768050930294
1491768050968890
1491768050969784
1491768050974770
1491768050987193
1491768050990135
1491768050995563
1491768050998449
1491768051003572
1491768051008950
1491768051011861
1491768051020205
1491768051031781
1491768051044252
1491768051047699
1491768051056237
1491768051065050
1491768051070965
1491768051076400
1491768051078314
1491768051082295
1491768051084211
1491768051093685
1491768051099775
1491768051103665
1491768051121522
1491768051127837
1491768051135096
1491768051139928
1491768051152226
1491768051186778
1491768051192575
1491768051196088
1491768051208602
1491768051220403
1491768051224293
1491768051226335
1491768051258251
1491768051259246
1491768051273205
1491768051276941
1491768051309547
1491768051309685
1491768051312488
1491768051318253
1491768051319604
1491768051354282
1491768051358947
1491768051406025
1491768051426708
1491768051430780
1491768051435874
1491768051444872
1491768051452115
1491768051463503
1491768051472044
1491768051473474
1491768051483927
1491768051490456
1491768051499694
1491768051500041
1491768051509217
1491768051515554
1491768051516794
1491768051518574
1491768051519600
1491768051530014
1491768051535475
1491768051593449
1491768051594429
1491768051610175
1491768051651606
1491768051660688
1491768051670690
1491768051680124
1491768051684510
1491768051693953
1491768051708610
1491768051730689
1491768051758603
1491768051769500
1491768051771788
1491768051794385
1491768051794385
1491768051798032
1491768051799092
1491768051799092
1491768051799092
1491768051799265
1491768051820297
1491768051825764
1491768051827029
1491768051841602
1491768051847688
1491768051852742
1491768051865872
1491768051889219
1491768051892211
1491768051900855
1491768051904683
1491768051930692
1491768051935246
1491768051935246
1491768051935246
1491768051944772
1491768051945967
1491768051956316
1491768051958393
1491768051961558
1491768051970741
1491768051996417
1491768051998859
1491768052023588
1491768052039694
1491768052039875
1491768052048781
1491768052053275
1491768052062740
1491768052065773
1491768052066542
1491768052067778
1491768052086586
1491768052092273
1491768052097443
1491768052115874
1491768052137166
1491768052140546
1491768052180667
1491768052186419
1491768052188343
1491768052190045
1491768052203694
1491768052212499
1491768052216040
1491768052223297
1491768052227948
1491768052231299
1491768052232953
1491768052233489
1491768052233661
1491768052234007
1491768052239497
1491768052258399
1491768052269778
1491768052286085
1491768052290544
1491768052290979
1491768052322344
1491768052323951
1491768052332610
1491768052336323
1491768052366292
1491768052372000
1491768052372884
1491768052409781
1491768052417374
1491768052418205
1491768052421772
1491768052421944
1491768052430217
1491768052431489
1491768052435259
1491768052441331
1491768052453986
1491768052457127
1491768052476691
1491768052477222
1491768052480876
1491768052493024
1491768052510035
1491768052552698
1491768052555835
1491768052574019
1491768052617088
1491768052627346
1491768052651959
1491768052658557
1491768052676059
1491768052702688
1491768052707487
1491768052709877
1491768052724451
1491768052764300
1491768052773704
1491768052778957
1491768052785229
1491768052789671
1491768052812849
1491768052856517
1491768052871603
1491768052879650
1491768052885551
1491768052885551
1491768052909375
1491768052931118
1491768052943613
1491768052957942
1491768052972325
1491768052985867
1491768053001767
1491768053023239
1491768053050707
1491768053057422
1491768053058875
1491768053068072
1491768053090263
1491768053102615
1491768053114868
1491768053117122
1491768053118664
1491768053129673
1491768053144459
1491768053153744
1491768053158300
1491768053159310
1491768053172035
1491768053176490
1491768053183218
1491768053189940
1491768053192412
1491768053193013
1491768053198662
1491768053198662
1491768053199269
1491768053200601
1491768053210941
1491768053216520
1491768053239698
1491768053243973
1491768053252575
1491768053258586
1491768053259119
1491768053261425
1491768053263121
1491768053265450
1491768053284130
1491768053305687
1491768053309122
1491768053322460
1491768053324496
1491768053327684
1491768053340287
1491768053341769
1491768053347587
1491768053360243
1491768053363776
1491768053385206
1491768053385545
1491768053387880
1491768053388515
1491768053389683
1491768053391109
1491768053392778
1491768053399859
1491768053424921
1491768053432209
1491768053435912
1491768053443601
1491768053458605
1491768053477942
1491768053481965
1491768053498321
1491768053518041
1491768053520316
1491768053521606
1491768053524415
1491768053526384
1491768053547358
1491768053550973
1491768053585600
1491768053602784
1491768053604950
1491768053622765
1491768053626040
1491768053629590
1491768053640512
1491768053673852
1491768053683534
1491768053693454
1491768053707546
1491768053710866
1491768053733311
1491768053742975
1491768053751150
1491768053756042
1491768053781603
1491768053796474
1491768053845217
1491768053857093
1491768053867604
1491768053874118
1491768053897006
1491768053899371
1491768053909217
1491768053930526
1491768053942859
1491768053959037
1491768053988474
1491768054011687
1491768054024134
1491768054030969
1491768054031601
1491768054039340
1491768054048965
1491768054058778
1491768054061484
1491768054081956
1491768054084209
1491768054097096
1491768054103850
1491768054104770
1491768054133840
1491768054142792
1491768054156041
1491768054156553
1491768054166701
1491768054167613
1491768054171245
1491768054185670
1491768054188572
1491768054194741
1491768054220673
1491768054223527
1491768054229666
1491768054236783
1491768054237212
1491768054249823
1491768054271357
1491768054276235
1491768054339466
1491768054356207
1491768054378777
1491768054383041
1491768054393842
1491768054394459
1491768054402478
1491768054428115
1491768054436747
1491768054441822
1491768054448024
1491768054463831
1491768054464857
1491768054466131
1491768054468930
1491768054472348
1491768054491870
1491768054525781
1491768054543051
1491768054568225
1491768054571148
1491768054575602
1491768054577787
1491768054578971
1491768054585071
1491768054599361
1491768054604258
1491768054653049
1491768054660403
1491768054709795
1491768054710610
1491768054712212
1491768054715321
1491768054725141
1491768054739013
1491768054786873
1491768054790198
1491768054816045
1491768054843591
1491768054844856
1491768054862035
1491768054872776
1491768054877111
1491768054889774
1491768054897978
1491768054913872
1491768054930322
1491768054944578
1491768054961280
1491768054968673
1491768054982095
1491768054993786
1491768054996459
1491768055009750
1491768055013151
1491768055013514
1491768055016223
1491768055020198
1491768055024750
1491768055027196
1491768055039780
1491768055046786
1491768055066437
1491768055067459
1491768055071245
1491768055081542
1491768055086606
1491768055087063
1491768055110668
1491768055121020
1491768055143617
1491768055149883
1491768055154071
1491768055170511
1491768055175035
1491768055187451
1491768055202783
1491768055204973
1491768055220261
1491768055231549
1491768055235971
1491768055239611
1491768055242071
1491768055250692
1491768055258493
1491768055261515
1491768055272094
1491768055281974
1491768055288370
1491768055289158
1491768055315758
1491768055331779
1491768055335551
1491768055349603
1491768055371510
1491768055384476
1491768055384864
1491768055398031
1491768055439170
1491768055451608
1491768055481860
1491768055482551
1491768055492573
1491768055494777
1491768055496949
1491768055517821
1491768055517992
1491768055536952
1491768055538947
1491768055540783
1491768055554477
1491768055572777
1491768055600478
1491768055634865
1491768055636856
1491768055639157
1491768055669475
1491768055683858
1491768055685686
1491768055694789
1491768055701096
1491768055708852
1491768055710102
1491768055715552
1491768055741876
1491768055746925
1491768055756972
1491768055758195
1491768055776950
1491768055777402
1491768055785435
1491768055796227
1491768055803946
1491768055816002
1491768055819606
1491768055823687
1491768055834213
1491768055840604
1491768055844991
1491768055868602
1491768055869301
1491768055927701
1491768055947763
1491768055955846
1491768055985028
1491768055993777
1491768055999841
1491768056004115
1491768056007190
1491768056014950
1491768056020455
1491768056026388
1491768056029688
1491768056044024
1491768056048778
1491768056060052
1491768056063532
1491768056065750
1491768056078233
1491768056085510
1491768056096962
1491768056100688
1491768056111516
1491768056113313
1491768056130572
1491768056131952
1491768056133865
1491768056136758
1491768056140481
1491768056152404
1491768056156960
1491768056157048
1491768056162453
1491768056163878
1491768056164488
1491768056177158
1491768056187682
1491768056208137
1491768056219396
1491768056246570
1491768056259947
1491768056263184
1491768056267283
1491768056275881
1491768056276254
1491768056286590
1491768056290062
1491768056299694
1491768056312344
1491768056333228
1491768056337767
1491768056341947
1491768056348017
1491768056349206
1491768056385106
1491768056387408
1491768056390614
1491768056407294
1491768056410836
1491768056451109
1491768056458215
1491768056495493
1491768056516976
1491768056517696
1491768056549963
1491768056559696
1491768056572397
1491768056577492
1491768056600221
1491768056600572
1491768056609874
1491768056653058
1491768056661331
1491768056662787
1491768056666341
1491768056685692
1491768056686800
1491768056703066
1491768056714453
1491768056717561
1491768056724782
1491768056737031
1491768056743538
1491768056749487
1491768056754285
1491768056776652
1491768056779383
1491768056785131
1491768056801093
1491768056812748
1491768056818949
1491768056819668
1491768056820382
1491768056825604
1491768056836943
1491768056837603
1491768056841690
1491768056849296
1491768056861237
1491768056902033
1491768056914608
1491768056936003
1491768056936299
1491768056941106
1491768056957490
1491768056957660
1491768056994456
1491768056995688
1491768057016484
1491768057020922
1491768057025358
1491768057045601
1491768057055404
1491768057078463
1491768057089681
1491768057103412
1491768057108419
1491768057111424
1491768057114063
1491768057123310
1491768057138303
1491768057151389
1491768057174782
1491768057183268
1491768057187442
1491768057191402
1491768057246604
1491768057248379
1491768057276866
1491768057294102
1491768057315204
1491768057323172
1491768057323774
1491768057334372
1491768057336861
1491768057339217
1491768057340601
1491768057365314
1491768057370429
1491768057372774
1491768057387154
1491768057423145
1491768057433438
1491768057462791
1491768057476249
1491768057499426
1491768057514791
1491768057519291
1491768057540472
1491768057545471
1491768057553544
1491768057557687
1491768057575381
1491768057601193
1491768057631196
1491768057661687
1491768057665385
1491768057667601
1491768057721692
1491768057723082
1491768057742689
1491768057744969
1491768057745591
1491768057775589
1491768057810955
1491768057817465
1491768057826738
1491768057839388
1491768057848198
1491768057849914
1491768057859050
1491768057874381
1491768057878663
1491768057882670
1491768057882944
1491768057895881
1491768057906426
1491768057907515
1491768057930937
1491768057939770
1491768057960370
1491768057969923
1491768058003180
1491768058015396
1491768058022566
1491768058025874
1491768058033879
1491768058039044
1491768058049095
1491768058074368
1491768058123856
1491768058144785
1491768058153785
1491768058154359
1491768058174319
1491768058177658
1491768058184376
1491768058214313
1491768058214497
1491768058217532
1491768058234210
1491768058247233
1491768058247698
1491768058268967
1491768058269858
1491768058281578
1491768058288497
1491768058296229
1491768058328051
1491768058330772
1491768058333310
1491768058349826
1491768058352687
1491768058353600
1491768058363274
1491768058391223
1491768058403330
1491768058408869
1491768058411791
1491768058426802
1491768058446948
1491768058447044
1491768058453431
1491768058485557
1491768058495268
1491768058496831
1491768058510829
1491768058517771
1491768058533162
1491768058537070
1491768058539447
1491768058561883
1491768058571956
1491768058587829
1491768058590363
1491768058594778
1491768058597687
1491768058609427
1491768058611499
1491768058641453
1491768058643463
1491768058643766
1491768058657605
1491768058658515
1491768058663183
1491768058679334
1491768058686765
1491768058701962
1491768058720149
1491768058724416
1491768058727606
1491768058741320
1491768058742866
1491768058757766
1491768058779198
1491768058781483
1491768058793207
1491768058805735
1491768058808781
1491768058824692
1491768058826859
1491768058829683
1491768058839599
1491768058849103
1491768058869689
1491768058877883
1491768058878895
1491768058900043
1491768058906603
1491768058937862
1491768058942027
1491768058943571
1491768058944685
1491768058964508
1491768058987476
1491768058994401
1491768058994936
1491768058995875
1491768059007692
1491768059025660
1491768059051205
1491768059058065
1491768059110506
1491768059116119
1491768059135866
1491768059146686
1491768059154834
1491768059158943
1491768059162685
1491768059191691
1491768059208853
1491768059211873
1491768059219470
1491768059220102
1491768059237392
1491768059238032
1491768059245389
1491768059252945
1491768059257115
1491768059264330
1491768059283145
1491768059283501
1491768059289603
1491768059315610
1491768059316786
1491768059335270
1491768059346211
1491768059358281
1491768059429786
1491768059430479
1491768059439652
1491768059441693
1491768059449944
1491768059481757
1491768059486868
1491768059488314
1491768059489601
1491768059493224
1491768059499606
1491768059537182
1491768059541693
1491768059562467
1491768059586946
1491768059593742
1491768059610178
1491768059646460
1491768059652175
1491768059660754
1491768059686545
1491768059693530
1491768059712180
1491768059738878
1491768059744889
1491768059746168
1491768059748981
1491768059749690
1491768059832576
1491768059858842
1491768059861771
1491768059872478
1491768059912187
1491768059926501
1491768059934478
1491768059953464
1491768059996047
