1483288203296
1483290011767
1483288227815
1483288244859
1483290048925
1483288272033
1483288362567
1483288386744
1483290242098
1483290256157
1483290269947
1483288484115
1483290478439
1483288681103
1483290498455
1483288725311
1483288728131
1483288731123
1483288731761
1483290536948
1483290536948
1483290558683
1483290559003
1483288756334
1483290564765
1483288780470
1483290584378
1483288801560
1483288803222
1483288857511
1483290692348
1483288892285
1483290754347
1483289019596
1483289080756
1483290889079
1483290906781
1483290918391
1483290931043
1483290935684
1483289132432
1483289760136
1483290948262
1483290997146
1483291022012
1483291023797
1483289232416
1483291104919
1483289315430
1483289313523
1483289317197
1483289325218
1483289344282
1483291181739
1483291187582
1483291195100
1483291218811
1483289425127
1483289447384
1483291252055
1483289489358
1483289507007
1483291318390
1483289552901
1483291356932
1483289621568
1483289662549
1483291485989
1483289692192
1483291498569
1483289700180
1483291543555
1483289744162
1483291562827
1483289785711
1483289809615
1483289825773
1483289846748
1483289894836
1483289976524
1483290011767
1483290048925
1483292028402
1483290242098
1483290256157
1483292068795
1483290273048
1483291318390
1483292241941
1483292278882
1483290478439
1483290498455
1483290558683
1483290559003
1483290564765
1483290584378
1483290692348
1483292524025
1483292556797
1483290754347
1483292558349
1483292007194
1483292589253
1483292591786
1483290790801
1483290804266
1483292633865
1483292663329
1483292676196
1483292699210
1483290906781
1483290918391
1483290931043
1483290935684
1483290948262
1483292787504
1483290997146
1483291022012
1483292823164
1483291023797
1483292880786
1483292896804
1483292907181
1483291104919
1483292909098
1483292916948
1483292930199
1483292896804
1483292933929
1483292933929
1483292950689
1483292965204
1483291181739
1483291187582
1483291195100
1483291218811
1483291252055
1483293153252
1483291356932
1483293153252
1483293157712
1483293157712
1483293159741
1483293175266
1483293196809
1483293209150
1483293220101
1483293239442
1483293220101
1483293252281
1483293276749
1483291485989
1483291498569
1483291543555
1483291562827
1483293392971
1483293426219
1483293587938
1483293674322
1483293805702
1483292028402
1483292068795
1483293957520
1483292241941
1483292278882
1483294092242
1483294294423
1483294300612
1483294307909
1483292524025
1483292556797
1483292558349
1483292572593
1483292591786
1483294409404
1483292633865
1483292663329
1483292676196
1483294479211
1483292699210
1483293392971
1483294558499
1483292787504
1483294639593
1483292880786
1483292907181
1483294709383
1483292909098
1483292916948
1483294721242
1483292930199
1483292950689
1483294766644
1483292968380
1483294916589
1483294923778
1483294927168
1483293159741
1483294972994
1483293175266
1483293196809
1483293209150
1483293239442
1483293252281
1483293266203
1483295070966
1483293276749
1483294409404
1483295164618
1483295209254
1483293426219
1483295282482
1483295299914
1483295328451
1483293587938
1483295126879
1483293666503
1483293674322
1483293687985
1483293725637
1483295590808
1483293805702
1483295706518
1483295713734
1483293961483
1483295825451
1483294092242
1483295983942
1483294294423
1483294300612
1483294479211
1483294499291
1483296320096
1483294558499
1483294639593
1483296485250
1483294709383
1483294721242
1483296547886
1483294766644
1483296641831
1483296699744
1483294916589
1483294923778
1483294927168
1483294972994
1483295070966
1483296947792
1483295151445
1483295164618
1483295209254
1483297039452
1483297082894
1483295282482
1483295299914
1483295328451
1483297292258
1483297300374
1483297368106
1483295590808
1483297413774
1483295706518
1483295713734
1483297546138
1483297606823
1483295825451
1483297729863
1483295983942
1483297942108
1483296485250
1483296547886
1483298366575
1483298429590
1483296641831
1483296699744
1483296734607
1483298574464
1483298574464
1483298577946
1483298577946
1483298578595
1483296836103
1483298638574
1483296947792
1483298802035
1483297039452
1483297082894
1483298964081
1483297292258
1483297300374
1483299121207
1483297368106
1483297413774
1483299277710
1483297546138
1483297606823
1483297733093
1483297942108
1483298366575
1483298429590
1483298578595
1483298638574
1483298781621
1483298802035
1483298964081
1483300774877
1483300852911
1483299121207
1483299277710
1483301082741
1483301082741
1483301083040
1483301098994
1483301375813
1483301433628
1483301593722
1483301950508
1483302022436
1483302559451
1483300774877
1483300852911
1483300899191
1483300959831
1483302847920
1483301083040
1483301098994
1483301365694
1483301375813
1483301433628
1483303254120
1483303338863
1483303359740
1483303383390
1483301593722
1483301950508
1483302022436
1483304068179
1483304105142
1483304208401
1483304217408
1483304339495
1483302559451
1483302847920
1483304665750
1483303254120
1483303338863
1483303359740
1483303387188
1483303485701
1483305488271
1483305866521
1483304068179
1483304105142
1483305978803
1483304208401
1483304217408
1483304344841
1483306422092
1483306440568
1483304669369
1483306701760
1483306701760
1483306800548
1483307033671
1483306437518
1483307232241
1483305488271
1483307414929
1483305866521
1483307709172
1483305978803
1483307824461
1483308016342
1483308016342
1483308033494
1483308033494
1483308053601
1483308181797
1483306422092
1483308230964
1483306440568
1483308443197
1483306800548
1483307033671
1483308869583
1483307225643
1483307235414
1483307414929
1483307709172
1483307824461
1483309655151
1483309845944
1483308053601
1483308181797
1483308230964
1483310056801
1483308443197
1483310256559
1483310449688
1483310449787
1483310613041
1483310630825
1483308872822
1483310749136
1483310812080
1483310930042
1483311047131
1483311226189
1483311427739
1483309655151
1483311474852
1483311506331
1483311552187
1483309845944
1483311506331
1483311678604
1483311706617
1483311758837
1483311814078
1483311844597
1483311857752
1483310056801
1483311922169
1483311927286
1483311931077
1483310256559
1483310449688
1483310449787
1483312302499
1483312329727
1483310616182
1483310630825
1483312500538
1483312545794
1483310749136
1483312617271
1483312661261
1483310930042
1483311047131
1483312877120
1483312903244
1483312945066
1483312664772
1483312972243
1483311226189
1483313176459
1483313190604
1483313190604
1483313193886
1483312975375
1483313203818
1483311427739
1483313249883
1483313273070
1483311474852
1483311552187
1483313404757
1483313437691
1483311678604
1483311706617
1483313533203
1483311758837
1483313564535
1483313592045
1483311814078
1483313621600
1483311844597
1483313691984
1483313710278
1483311922169
1483313714290
1483313727823
1483311927286
1483311931077
1483313762586
1483313793737
1483313878062
1483314049217
1483314058055
1483312302499
1483312329727
1483314228036
1483314260751
1483314292989
1483314300687
1483312500538
1483314316270
1483312545794
1483314366287
1483312617271
1483314454260
1483314546347
1483312877120
1483314698560
1483312903244
1483312949219
1483314775259
1483314790012
1483314790012
1483314915247
1483314932160
1483313176459
1483314988572
1483313193886
1483313203818
1483313249883
1483313273070
1483315105505
1483315123598
1483315132367
1483314049217
1483315153092
1483315155076
1483315204494
1483313404757
1483315204494
1483315215443
1483315223970
1483313437691
1483315242870
1483315264608
1483315276216
1483315333534
1483313533203
1483313564535
1483313592045
1483313621600
1483315442529
1483315449338
1483315472863
1483315475928
1483313691984
1483313762586
1483313793737
1483315617189
1483315636389
1483315656477
1483315672036
1483313878062
1483315695050
1483315695283
1483315705702
1483315726593
1483315768377
1483315777129
1483315792958
1483315834871
1483314058055
1483314260751
1483315865202
1483315953118
1483315995526
1483316012559
1483314228036
1483314292989
1483314300687
1483314316270
1483316137460
1483316160420
1483316163955
1483314366287
1483316223910
1483316232607
1483314454260
1483314546347
1483316425622
1483316435911
1483316464851
1483314702820
1483316544005
1483316547851
1483314775259
1483314918599
1483316732309
1483314932160
1483314988572
1483315105505
1483316907469
1483315123598
1483315132367
1483316954098
1483315153092
1483315155076
1483316962206
1483317002807
1483316962206
1483317011055
1483315215443
1483315223970
1483315264608
1483315276216
1483317136585
1483315333534
1483317172884
1483317176957
1483317002807
1483317178109
1483315442529
1483315449338
1483315472863
1483315479534
1483317346089
1483317373767
1483317395089
1483315617189
1483315636389
1483317453496
1483315659633
1483315672036
1483317474819
1483315695050
1483315695283
1483315726593
1483317552258
1483315768377
1483315777129
1483315792958
1483315834871
1483317346089
1483317644960
1483315865202
1483317685357
1483317753176
1483315953118
1483317765931
1483317774069
1483315995526
1483317804087
1483316012559
1483317834791
1483317905602
1483317906776
1483316137460
1483316160420
1483316163955
1483318000723
1483316223910
1483316232607
1483318068688
1483318076581
1483318140074
1483318168532
1483318191243
1483318206890
1483318206890
1483318214228
1483316425622
1483318235266
1483316435911
1483316464851
1483318214228
1483318270827
1483318282537
1483316544005
1483316547851
1483316550320
1483318378698
1483318390947
1483318393233
1483318486964
1483318499983
1483318520990
1483318524836
1483316732309
1483318563220
1483318584025
1483318589961
1483318613282
1483318617602
1483318651929
1483318703546
1483316907469
1483318720275
1483316954098
1483318798236
1483317011055
1483318848609
1483318873859
1483318919031
1483317136585
1483317172884
1483317176957
1483317178109
1483319000788
1483319013035
1483319014837
1483319038745
1483319047051
1483317644960
1483319047437
1483319086842
1483319096107
1483319150892
1483319152563
1483317373767
1483319195555
1483317395089
1483319200913
1483319210788
1483317453496
1483319258045
1483317474819
1483319284630
1483319300040
1483319303845
1483319311729
1483319322310
1483319325430
1483319038745
1483319325909
1483319326120
1483319336136
1483317552258
1483319311729
1483319376263
1483319377685
1483319380280
1483319421254
1483319432448
1483319532672
1483319539163
1483317753176
1483319566082
1483319567633
1483317765931
1483317774069
1483319575089
1483317804087
1483317834791
1483319682204
1483317905602
1483317906776
1483319771635
1483318000723
1483319824843
1483319825447
1483319844803
1483319861802
1483319867014
1483319867604
1483318068688
1483318076581
1483319884928
1483319895939
1483319899638
1483318140074
1483319966000
1483319966412
1483318168532
1483318194322
1483319995987
1483320012870
1483318238950
1483318270827
1483318282537
1483320103313
1483320110940
1483320113324
1483320138226
1483320169364
1483318378698
1483320187295
1483318390947
1483318393233
1483320199715
1483320203734
1483320238504
1483318486964
1483320298833
1483320298833
1483320301662
1483318499983
1483320312659
1483320312962
1483319537673
1483320313009
1483318520990
1483318524836
1483318563220
1483318584025
1483320387284
1483320387422
1483318589961
1483318616895
1483318620763
1483320427418
1483318651929
1483320455137
1483320471390
1483320495118
1483320499413
1483318703546
1483320505690
1483320519756
1483318720275
1483320562168
1483320565012
1483320569692
1483320580424
1483318798236
1483320607233
1483320607233
1483320645566
1483320649142
1483318848609
1483318877238
1483320709772
1483320709772
1483320709982
1483320709982
1483320711897
1483318919031
1483320733803
1483320767351
1483320783694
1483320786194
1483320794242
1483319000788
1483319014837
1483320836102
1483319047051
1483319047437
1483320876068
1483320882399
1483320882399
1483320886805
1483319086842
1483320892456
1483319096107
1483320929873
1483320941516
1483320952858
1483319150892
1483319152563
1483320964166
1483320979869
1483320989356
1483319195555
1483319210788
1483321049438
1483319258045
1483321066504
1483319284630
1483321087323
1483321095537
1483319300040
1483319303845
1483321108378
1483319322310
1483319325430
1483319325909
1483319326120
1483319339356
1483321171999
1483321180311
1483319376263
1483319377685
1483319380280
1483321191701
1483321196612
1483319421254
1483319432448
1483321242329
1483321269737
1483321281522
1483321311301
1483319532672
1483319539163
1483321367820
1483319566082
1483319567633
1483319575089
1483321391474
1483321410332
1483321412638
1483321414261
1483321437809
1483319682204
1483321509701
1483321548356
1483321553485
1483321553515
1483319771635
1483321583069
1483321621206
1483319824843
1483319825447
1483321627553
1483321640800
1483319844803
1483321646660
1483321649203
1483321665763
1483319861802
1483321666658
1483319867014
1483319867604
1483321673297
1483319884928
1483319895939
1483319899638
1483321703751
1483321742933
1483321758643
1483321761642
1483319966000
1483319966412
1483321781695
1483321781732
1483321797674
1483319995987
1483320012870
1483321816639
1483321820007
1483321832503
1483321855096
1483321873683
1483321875264
1483321893683
1483321908317
1483320107078
1483320110940
1483320113324
1483321935987
1483320138226
1483321961640
1483321968861
1483320169364
1483321972633
1483321984718
1483320187295
1483322000324
1483320199715
1483320203734
1483322008610
1483322010308
1483322010460
1483322015883
1483320241795
1483322059235
1483322070286
1483322076266
1483322100599
1483320305091
1483320312659
1483320312962
1483320313009
1483322117124
1483322123272
1483322133718
1483322137411
1483322133718
1483322142712
1483322144624
1483322142712
1483322152046
1483322169271
1483322170916
1483322175503
1483322182395
1483322183557
1483320387284
1483320390826
1483322199617
1483322223897
1483320455137
1483322264246
1483322264823
1483322265938
1483320471390
1483320495118
1483320499413
1483320505690
1483322319263
1483320519756
1483322336186
1483322345746
1483322350410
1483322351638
1483320562168
1483320565012
1483320569692
1483320580424
1483322393638
1483322408601
1483320645566
1483320649142
1483322477480
1483322479442
1483322494208
1483322501590
1483322512165
1483320711897
1483320733803
1483322540181
1483322550796
1483320767351
1483322578747
1483322586218
1483320783694
1483320786194
1483322588908
1483322593092
1483320794242
1483322604537
1483322629669
1483320840013
1483322664821
1483320876068
1483322679469
1483322681180
1483320886805
1483320892456
1483322720184
1483322726842
1483320929873
1483322735206
1483320941516
1483322753203
1483320952858
1483320964166
1483320979869
1483322784745
1483320989356
1483322824549
1483322837794
1483322843321
1483321049438
1483322862186
1483321066504
1483321087323
1483321095537
1483322909348
1483322909698
1483321108378
1483322915945
1483322916872
1483322954869
1483321175136
1483322980204
1483321180311
1483322988497
1483321191701
1483322993834
1483321196612
1483322997827
1483323010085
1483321242329
1483321270986
1483321269737
1483323079851
1483321311301
1483323142500
1483323150323
1483321367820
1483323191677
1483321391474
1483321410332
1483323212038
1483323212306
1483321412638
1483321414261
1483323228627
1483323233116
1483321437809
1483323253240
1483323277644
1483323285085
1483323294981
1483323295822
1483321509701
1483323325256
1483323350684
1483321548356
1483321553485
1483321553515
1483321583069
1483323406850
1483323410693
1483323419616
1483321621206
1483321627553
1483323433240
1483323435797
1483321640800
1483321646660
1483323450094
1483321649203
1483321665763
1483321666658
1483321673297
1483323485651
1483323501639
1483321703751
1483323538330
1483321742933
1483321758643
1483321761642
1483323562997
1483323571063
1483321781695
1483321781732
1483323594681
1483323600889
1483321797674
1483321820007
1483323622286
1483321832503
1483323639264
1483323641656
1483323648640
1483321855096
1483323666767
1483321873683
1483321875264
1483321893683
1483321911424
1483323730590
1483321935987
1483323752853
1483323757666
1483321961640
1483321968861
1483323772581
1483323773701
1483321972633
1483323779886
1483323785638
1483321984718
1483323793293
1483322008610
1483322010308
1483322010460
1483323813306
1483323813624
1483322015883
1483323825953
1483323854100
1483323854371
1483322059235
1483322070286
1483322076266
1483322100599
1483322117124
1483323920286
1483322123272
1483323930878
1483323932688
1483323941315
1483322140551
1483322144624
1483322152046
1483323956267
1483323757666
1483323969896
1483323970178
1483323971160
1483322169271
1483323975635
1483322174196
1483322175503
1483322186442
1483322183557
1483322199617
1483324036882
1483324054107
1483324057197
1483322264246
1483322264823
1483322265938
1483324096191
1483324103068
1483324120182
1483322319263
1483322336186
1483324139678
1483322345746
1483324149750
1483322350410
1483322355583
1483324165095
1483324166288
1483324166763
1483324181238
1483324190534
1483322393638
1483324207942
1483324211364
1483322408601
1483324212893
1483324220749
1483324220749
1483324225109
1483322483099
1483324296265
1483322494208
1483322501590
1483322512165
1483324316216
1483324319533
1483324335538
1483322540181
1483322550796
1483324354021
1483324375391
1483322578747
1483324384523
1483324384662
1483322586218
1483324389615
1483322588908
1483322593092
1483322604537
1483323228627
1483324429961
1483324431384
1483322629669
1483324440616
1483322664821
1483324481296
1483322679469
1483322681180
1483324493884
1483322720184
1483322726842
1483324529342
1483324530033
1483322735206
1483324553320
1483322753203
1483324572074
1483324581027
1483324587589
1483322784745
1483324603549
1483324622467
1483322824549
1483322837794
1483324639186
1483322843321
1483322862186
1483324676190
1483324676770
1483324676190
1483324679862
1483324686589
1483324679862
1483324689797
1483324690378
1483322912518
1483322909698
1483322915945
1483324719465
1483322921453
1483322954869
1483324772431
1483322980204
1483322988497
1483322993834
1483322997827
1483324805647
1483323010085
1483324813176
1483324813400
1483324827695
1483324838151
1483324850690
1483324856668
1483323079851
1483324895603
1483324903850
1483324904985
1483324923499
1483324930487
1483323142500
1483324949815
1483323150323
1483324957210
1483324964674
1483324984799
1483324993288
1483324999190
1483325002472
1483323212038
1483323212306
1483325013511
1483325025162
1483325029187
1483325029201
1483323233116
1483323253240
1483323277644
1483323285085
1483325094404
1483323294981
1483323295822
1483325108722
1483325109745
1483325121315
1483325124456
1483325126072
1483323325256
1483325128363
1483325126072
1483325129494
1483325142336
1483325154068
1483323354731
1483325166423
1483325168301
1483325207701
1483323406850
1483323410691
1483323410693
1483323419616
1483323433240
1483323450094
1483325267030
1483325275526
1483323485651
1483323501639
1483325327007
1483323538330
1483325340405
1483325352637
1483323562997
1483325366891
1483323571063
1483325386519
1483325388646
1483323594681
1483323604259
1483325423225
1483323622286
1483325431425
1483325437721
1483323639264
1483323641656
1483323649465
1483323648640
1483325459685
1483323666767
1483325485451
1483325491580
1483325504434
1483325524422
1483325524450
1483323730590
1483325543750
1483323752853
1483325565549
1483325569706
1483323772581
1483325577254
1483323773701
1483323779886
1483323785638
1483325591518
1483323793293
1483325608230
1483323805499
1483323813306
1483323813624
1483323825953
1483323854100
1483323854371
1483325670610
1483325710307
1483325716351
1483325719977
1483323920286
1483323930878
1483323932688
1483323941315
1483325758468
1483323956267
1483325761933
1483325763330
1483325767721
1483323969896
1483323971160
1483323975635
1483325805251
1483325828860
1483324036882
1483325846374
1483325854578
1483325856094
1483324057197
1483324106298
1483325919007
1483324120182
1483325931658
1483324139678
1483324149750
1483325959717
1483325967712
1483324165095
1483324166288
1483324166763
1483324189361
1483326002319
1483326006898
1483324207942
1483324211364
1483326028744
1483325758468
1483326031728
1483326043716
1483326059953
1483326081673
1483326094303
1483326098107
1483324296265
1483326108373
1483326120510
1483324319447
1483324319533
1483326132032
1483324335538
1483326148332
1483324354021
1483324375391
1483326179225
1483326186603
1483324384523
1483324388499
1483324389615
1483326195688
1483326198325
1483326212778
1483325563827
1483324429961
1483324431384
1483324440616
1483326254023
1483326261807
1483326269239
1483324481296
1483326132032
1483326303673
1483324529342
1483324530033
1483324553320
1483326358437
1483326359095
1483326367771
1483324572074
1483324581027
1483324587589
1483324603549
1483326419635
1483324622467
1483326432565
1483326437010
1483324642369
1483326469500
1483324680405
1483324686589
1483324689797
1483324690378
1483326497696
1483326510888
1483324719465
1483326533478
1483326565527
1483326571470
1483324772431
1483326592806
1483324805647
1483324813176
1483324813400
1483326617695
1483326623426
1483324827695
1483326632639
1483326633127
1483324838151
1483324850690
1483324856668
1483326664884
1483326666892
1483326686561
1483324895603
1483324903850
1483324904985
1483324914208
1483324923499
1483324930487
1483326748379
1483326750197
1483326750593
1483326750197
1483326753727
1483324949815
1483326753727
1483326756014
1483324957210
1483326760965
1483324964674
1483326779101
1483324984799
1483324993288
1483325003159
1483325002472
1483325013511
1483325025162
1483325029187
1483325029201
1483325032125
1483326846544
1483326881586
1483325094404
1483326901175
1483325108722
1483325109745
1483326917981
1483325121315
1483325127871
1483325128363
1483325129494
1483325142336
1483326945365
1483325154068
1483326962063
1483325166423
1483325168301
1483326969986
1483326978858
1483326996418
1483327007390
1483325207701
1483327053394
1483327067031
1483325267030
1483325275526
1483327125330
1483325327007
1483325340405
1483325352637
1483325366891
1483325386519
1483325388646
1483327197036
1483327213733
1483327220291
1483325423225
1483327227481
1483327232054
1483325435107
1483325437721
1483327247953
1483327252350
1483325459685
1483325485451
1483325491580
1483325504434
1483325524422
1483325524450
1483327325786
1483327339300
1483325543750
1483327367429
1483327368414
1483325565549
1483325569706
1483325577254
1483327385287
1483327389953
1483325591518
1483327407001
1483325608230
1483327429304
1483327434922
1483327438549
1483327466579
1483325670610
1483327483312
1483327487967
1483327495195
1483327498309
1483327504322
1483325710307
1483325716351
1483325719977
1483327530252
1483327487967
1483327555652
1483327558469
1483327559143
1483325761933
1483325763330
1483327579571
1483327598315
1483327598567
1483325797748
1483325805251
1483327614428
1483325828860
1483325846374
1483327655688
1483325858343
1483325856094
1483327669045
1483327675616
1483327678707
1483327685589
1483327695942
1483327703667
1483325919007
1483327730106
1483325931658
1483327735170
1483327743252
1483327735170
1483327748151
1483327754264
1483327757036
1483325959717
1483327765419
1483325967712
1483327791436
1483327793414
1483327798956
1483326002319
1483327806745
1483326028744
1483327830645
1483326031728
1483326043716
1483327848351
1483326059953
1483327863745
1483326072120
1483326081673
1483327885766
1483327889717
1483327891844
1483327892996
1483326094303
1483326098107
1483326108373
1483327913262
1483327918709
1483326120510
1483327931580
1483327931580
1483327935457
1483326148332
1483327955000
1483326179225
1483326186603
1483326195688
1483326198325
1483326212778
1483328026718
1483328053168
1483326254638
1483326254023
1483326261807
1483326269239
1483328074684
1483328077552
1483328087895
1483328091867
1483326303673
1483328123113
1483328124775
1483328123113
1483328138159
1483328148793
1483326358437
1483326359095
1483326367771
1483328171551
1483326419635
1483326432565
1483326437010
1483326469500
1483328292487
1483326497696
1483326510888
1483328327287
1483326533478
1483326565527
1483328371735
1483326571470
1483328375656
1483326598084
1483328404167
1483326617695
1483328421484
1483326626466
1483326632639
1483326633127
1483328439813
1483328445792
1483328450684
1483328455777
1483326664884
1483326666892
1483328479915
1483326686561
1483328538031
1483328545483
1483326748379
1483326750593
1483326756014
1483326760965
1483328568645
1483328579349
1483326779101
1483328594544
1483328598605
1483328617132
1483328630568
1483328638633
1483326846544
1483328675595
1483328675617
1483326881586
1483326901175
1483328706353
1483328439813
1483328707556
1483328711164
1483326921112
1483326945365
1483328747447
1483326946803
1483328756604
1483326962063
1483326969986
1483328775273
1483326978858
1483326996418
1483328804470
1483327007390
1483328841662
1483327053394
1483328867275
1483328867858
1483327067031
1483328884862
1483328887845
1483328922012
1483327125330
1483328933686
1483328939531
1483328945463
1483328966523
1483328975604
1483328987633
1483327197036
1483328966523
1483329010814
1483327213733
1483329020910
1483327220291
1483329020910
1483329022309
1483329022309
1483329024750
1483329025697
1483329028841
1483327227481
1483327232054
1483327247953
1483327252350
1483329063923
1483329066924
1483329094074
1483329097148
1483329109139
1483327325786
1483327339300
1483329151128
1483329159286
1483329163618
1483327368414
1483327385287
1483327389953
1483327411519
1483327417537
1483327429304
1483327434922
1483329238715
1483327438549
1483329245170
1483329259228
1483327466579
1483329272227
1483327483312
1483329294728
1483327495195
1483327498309
1483327504322
1483329313100
1483329313948
1483327533617
1483329338742
1483329338966
1483327555652
1483327558469
1483327559143
1483329365385
1483327579571
1483329383519
1483327598315
1483327598567
1483329411010
1483329411550
1483327617678
1483329423748
1483329432423
1483329443503
1483329447026
1483327655688
1483329459341
1483327669045
1483329472905
1483327675616
1483327678707
1483327685589
1483327695942
1483327703667
1483329526249
1483327730106
1483329534706
1483327743252
1483329550068
1483329550129
1483327748151
1483327754264
1483327757036
1483327765419
1483329586285
1483327791436
1483327793414
1483329600279
1483327798956
1483327806745
1483327830645
1483327848351
1483327863745
1483329677806
1483329680396
1483329683045
1483327885766
1483329687721
1483327889717
1483327891844
1483327892996
1483329689369
1483327913262
1483329726424
1483327921767
1483329727380
1483329730959
1483329752957
1483327955000
1483329777721
1483329802020
1483329815552
1483329822921
1483328026718
1483329833099
1483329848205
1483329851645
1483328053168
1483328074684
1483328077552
1483328087895
1483328091867
1483329922406
1483328124775
1483329927718
1483329939973
1483328138159
1483328148793
1483329952108
1483329952108
1483329955235
1483329968329
1483328171551
1483329987143
1483330007149
1483330012391
1483330024687
1483330027036
1483328291782
1483328292487
1483330106298
1483330127910
1483328327287
1483330148825
1483330149262
1483330158053
1483328371735
1483328375656
1483328404167
1483330208369
1483328421484
1483330244874
1483328445792
1483330251840
1483328455777
1483330257299
1483330259182
1483330265431
1483330268020
1483330276207
1483328479915
1483330295505
1483330319793
1483330336217
1483328545483
1483330370046
1483328568645
1483330378425
1483328579349
1483328594544
1483330400582
1483328598605
1483328617132
1483330427755
1483330431400
1483328634916
1483328638633
1483330452542
1483330453764
1483328675595
1483328680375
1483330492827
1483328706353
1483330251840
1483330508044
1483330510720
1483328707556
1483328711164
1483330521768
1483330546432
1483330551214
1483328747447
1483330552803
1483328756604
1483328780179
1483330605439
1483328804470
1483328841662
1483330660078
1483330671008
1483328867275
1483328867858
1483330679363
1483328884862
1483328887845
1483330698703
1483330705386
1483330721727
1483328922012
1483330722249
1483328933686
1483328939531
1483330744046
1483330744552
1483328948500
1483330760336
1483330764915
1483328975604
1483330784006
1483328987633
1483330794612
1483329010814
1483329024750
1483329025697
1483329028841
1483330855723
1483330855908
1483330867288
1483329066924
1483329075036
1483330877820
1483330858743
1483330881756
1483330884288
1483330890466
1483330890522
1483329094074
1483329097148
1483330911100
1483329109139
1483329151128
1483329159286
1483330902586
1483330995473
1483330508044
1483330996021
1483331012565
1483331022824
1483331024659
1483329238715
1483329245170
1483329259228
1483331070510
1483329272227
1483329294728
1483331109403
1483329313100
1483329313948
1483331122809
1483329338742
1483329338966
1483331143401
1483331158860
1483329365385
1483331183093
1483329383519
1483331203032
1483331143401
1483331209269
1483329411010
1483329411550
1483331213167
1483331223776
1483331226573
1483329427074
1483329432423
1483331239677
1483331242409
1483329443503
1483329447026
1483331252059
1483329459341
1483329472905
1483331290153
1483329526249
1483329534706
1483331338990
1483329550068
1483329550129
1483331360338
1483331369299
1483331376749
1483329586285
1483329600279
1483331412278
1483331420793
1483331429850
1483331437750
1483331441339
1483331022824
1483331473086
1483331474051
1483329726424
1483331478149
1483329677806
1483329683045
1483329690749
1483331495265
1483331509249
1483331511830
1483331511875
1483329727380
1483331527945
1483331530435
1483329730959
1483331533481
1483331541964
1483329752957
1483331559094
1483331568807
1483331574000
1483329777721
1483331580235
1483331592031
1483329789172
1483331601721
1483329802020
1483329815552
1483331619110
1483329822921
1483331634021
1483329833099
1483329848205
1483331662819
1483331675395
1483331692971
1483331711295
1483329917326
1483329922406
1483331726581
1483331728346
1483329931175
1483329939973
1483329955235
1483331763490
1483331765933
1483331769788
1483329968329
1483329987143
1483331795195
1483331798755
1483331804418
1483331806849
1483330007149
1483330012391
1483331826217
1483330024687
1483330027036
1483331769056
1483331900589
1483331906698
1483330106298
1483331916123
1483331920917
1483330127910
1483331943816
1483331944720
1483330148825
1483330149262
1483331955950
1483331975930
1483330208369
1483332020548
1483332028240
1483332030994
1483330244874
1483332049095
1483332054942
1483332056208
1483330257299
1483332030994
1483332062257
1483330259182
1483332067257
1483330268020
1483330276207
1483330295505
1483332121553
1483330319793
1483332138960
1483332141376
1483332155868
1483332156937
1483332163922
1483332167888
1483330370046
1483332179745
1483330378425
1483332188497
1483331601721
1483330400582
1483332204625
1483332205092
1483330427755
1483330431400
1483332234352
1483330453764
1483332264326
1483332265913
1483332277795
1483330492827
1483332296971
1483332313515
1483330514891
1483330521768
1483332326101
1483330546432
1483330551214
1483330552803
1483332361693
1483332385872
1483330605439
1483332450192
1483332452005
1483332454577
1483330660078
1483330671008
1483330679363
1483332496651
1483332499315
1483330698703
1483332507275
1483330705386
1483332521722
1483330721727
1483330722249
1483332524728
1483330744046
1483330744552
1483331826217
1483332557356
1483330760336
1483330764915
1483332571432
1483332581123
1483330784006
1483330794612
1483331338990
1483332654576
1483330855908
1483330867288
1483330877820
1483332680377
1483330881756
1483330884288
1483332691106
1483332054942
1483332691676
1483332705559
1483330911100
1483332720102
1483332723885
1483332737666
1483332744032
1483330975698
1483332782755
1483332791784
1483330996021
1483332805332
1483331012565
1483331029071
1483332833969
1483332840330
1483332859555
1483332861248
1483332875738
1483331109403
1483332918768
1483331122809
1483332923767
1483331158860
1483332965915
1483332977375
1483331183093
1483332992901
1483331203032
1483333005574
1483331209269
1483331213167
1483333017884
1483333018465
1483333023679
1483331223776
1483333024817
1483331226573
1483333043219
1483333043224
1483331239677
1483331242409
1483331252059
1483333067751
1483333075637
1483333080601
1483331290153
1483333097123
1483333115108
1483333116508
1483333128333
1483333140633
1483333150108
1483331360338
1483333167213
1483331376749
1483333179448
1483333181349
1483333192797
1483333199056
1483331412278
1483333219272
1483333150108
1483333222994
1483331420793
1483333230588
1483331429850
1483333234870
1483331437750
1483333241259
1483333243286
1483331441339
1483333249452
1483333264186
1483333264186
1483333266917
1483331473086
1483333278557
1483333278807
1483331478149
1483333280398
1483333287987
1483331495265
1483331511830
1483331511875
1483333322829
1483333326126
1483331527945
1483331530435
1483331533481
1483333334901
1483331541964
1483333359383
1483333359383
1483333361801
1483331559094
1483331568807
1483331574000
1483331580235
1483331592031
1483333401155
1483333401155
1483333403548
1483333408587
1483333417974
1483331619110
1483333429019
1483333433101
1483331634021
1483333436859
1483333446391
1483331662819
1483331675395
1483331692971
1483331711295
1483331726581
1483331728346
1483333541735
1483333541735
1483333542414
1483333542663
1483333556577
1483333562300
1483331763490
1483333571580
1483331769788
1483333577419
1483333577958
1483333582427
1483331795195
1483331804418
1483331806849
1483333613223
1483332452005
1483333659152
1483333696043
1483331906698
1483331910815
1483333717283
1483331916123
1483331920917
1483333725610
1483333726861
1483331943816
1483333744737
1483333745117
1483331944720
1483333751332
1483333757564
1483331955950
1483331975930
1483333781880
1483333781880
1483333785906
1483333785906
1483333786807
1483333823258
1483332020958
1483332020548
1483333825955
1483332028240
1483333833111
1483332049095
1483332056208
1483332062257
1483332067257
1483333890888
1483333919401
1483333924064
1483333927061
1483332133894
1483333942072
1483332142149
1483332141376
1483333251744
1483333947530
1483333948649
1483332155868
1483332156937
1483333962265
1483332163922
1483333969992
1483332171273
1483333981547
1483332179745
1483332188497
1483334002270
1483332204625
1483332205092
1483334013016
1483332234352
1483334061211
1483334062395
1483332264326
1483334069368
1483332265913
1483334069644
1483332277795
1483334082624
1483334094374
1483332304361
1483332313515
1483334115254
1483334125496
1483332326101
1483334159321
1483332361693
1483334177222
1483334181245
1483332385872
1483332395908
1483334211407
1483334224816
1483334231879
1483334248495
1483332450192
1483332454577
1483334263610
1483334274334
1483334280011
1483334293302
1483334308042
1483334308935
1483334309019
1483332507275
1483334310683
1483334311075
1483334313479
1483332521722
1483334329428
1483332524728
1483334330211
1483334330211
1483334330388
1483334346881
1483334349636
1483332557356
1483334362122
1483334367825
1483334374308
1483334376095
1483334376397
1483332581123
1483334392125
1483334423316
1483334445480
1483332654576
1483334457069
1483334468126
1483334472484
1483334473758
1483332680377
1483332691106
1483332691676
1483333919401
1483334495345
1483334499050
1483332705559
1483334495345
1483334513411
1483332720102
1483332723885
1483332737666
1483334540578
1483332744032
1483334544887
1483334550654
1483334553010
1483334562526
1483332760770
1483332782755
1483332791784
1483334600267
1483334607773
1483332805332
1483334610638
1483334619529
1483334626128
1483334626146
1483334629674
1483332833969
1483334642536
1483332840330
1483334650280
1483334653850
1483332859555
1483334662867
1483332861248
1483332875738
1483334686490
1483334713016
1483334716292
1483332918768
1483334722178
1483332923767
1483334744870
1483334760216
1483332965915
1483334772280
1483332977375
1483334791796
1483334801786
1483333005574
1483334813972
1483334815871
1483333017884
1483333018465
1483334824515
1483333023679
1483333024817
1483333659152
1483334825084
1483334839329
1483334841344
1483333043224
1483334849829
1483333047512
1483334862804
1483333067751
1483334870398
1483334876178
1483333075637
1483334882414
1483333080601
1483334886582
1483333097123
1483334911932
1483333115108
1483334915944
1483334922689
1483334926490
1483334927932
1483334928833
1483333128333
1483334940383
1483333140633
1483334967618
1483333167213
1483334970452
1483333179448
1483333181349
1483333192797
1483333199056
1483335001882
1483333219272
1483333222994
1483333230588
1483333234870
1483333241259
1483333243286
1483333249452
1483335051321
1483333408587
1483335059907
1483333266917
1483333278557
1483333281986
1483333280398
1483333287987
1483335102650
1483333327264
1483333326126
1483333334901
1483335160558
1483333361801
1483335182409
1483335197582
1483335202289
1483333403548
1483335213613
1483333417974
1483335225114
1483333429019
1483335232278
1483333433101
1483335238777
1483333436859
1483335249373
1483333446391
1483335276287
1483335277723
1483335291698
1483334062395
1483335293758
1483335316734
1483333542414
1483333542663
1483335356906
1483333556577
1483333562300
1483333571580
1483335379994
1483333577419
1483333577958
1483333582427
1483335388561
1483335405807
1483335406059
1483333613223
1483335465232
1483335491342
1483335497332
1483333696043
1483335525239
1483335528672
1483333725610
1483333726861
1483333744737
1483333745117
1483335546994
1483333751332
1483333757564
1483335584157
1483335587222
1483335590391
1483333786807
1483333823258
1483333825955
1483335630827
1483333833111
1483335654403
1483335656917
1483335664914
1483335677662
1483335686909
1483335686909
1483335687233
1483333890888
1483334791796
1483335696887
1483335717675
1483333924064
1483335728852
1483333927061
1483335736476
1483333942072
1483333947530
1483333948649
1483335753374
1483335763507
1483333962265
1483333969992
1483335783336
1483333981547
1483335789089
1483334002270
1483334013016
1483335822734
1483335828880
1483334061211
1483334069368
1483334069644
1483335889501
1483335891247
1483335896647
1483335899393
1483335907022
1483334115254
1483335921453
1483334125496
1483335941746
1483335951981
1483335955815
1483334159321
1483335963253
1483335968509
1483335973097
1483334177222
1483334184454
1483335998084
1483334211407
1483335955815
1483336021376
1483334224816
1483334231879
1483336036953
1483336041216
1483336045491
1483334248495
1483336063539
1483334263610
1483334274334
1483334280011
1483336094791
1483336095866
1483334293302
1483336098298
1483336098298
1483336100000
1483336103456
1483334308042
1483334308935
1483334309019
1483334310683
1483334311075
1483334316829
1483334329428
1483334330388
1483334346881
1483334354782
1483336162589
1483336163827
1483334362122
1483334367825
1483334374308
1483334376095
1483334376397
1483334392125
1483336199922
1483334423316
1483336233464
1483334445480
1483336252442
1483334457069
1483334468126
1483334472484
1483334473758
1483334499050
1483336309390
1483334513411
1483336322477
1483336338930
1483334540578
1483334544887
1483334550654
1483334553010
1483336358554
1483334562526
1483336376917
1483334579610
1483336397635
1483336398392
1483334600267
1483334610638
1483334619529
1483334626128
1483334626146
1483334629674
1483336431238
1483336433663
1483336434354
1483334642536
1483334650280
1483334653850
1483334662867
1483336468259
1483334686490
1483336495789
1483336499228
1483336512605
1483334713016
1483334716292
1483334722178
1483334744870
1483334760216
1483336566120
1483334772280
1483336579573
1483336586782
1483336604995
1483334813972
1483334815871
1483336616391
1483334824515
1483334825084
1483336632403
1483334839329
1483336645218
1483334841344
1483334862804
1483334870398
1483336672709
1483336677898
1483334879575
1483336683010
1483336685511
1483334882414
1483336686719
1483334886582
1483334895959
1483336703453
1483336711520
1483336683010
1483336715054
1483336715982
1483334915944
1483336717225
1483336718993
1483336715982
1483336720800
1483336724924
1483334922689
1483334926490
1483334927932
1483334928833
1483336749035
1483334947511
1483336759232
1483336768105
1483334967618
1483334970452
1483336773288
1483336773587
1483336802211
1483335001882
1483336807811
1483336824515
1483336828813
1483335046630
1483335054810
1483335059907
1483336865402
1483336882067
1483336886038
1483335091507
1483335102650
1483336919208
1483336930189
1483336932786
1483336941895
1483336946650
1483335160558
1483336961978
1483335182409
1483335201386
1483335200918
1483337005756
1483335202289
1483335213613
1483335225114
1483337027202
1483335232278
1483335238777
1483335249373
1483337054233
1483337061329
1483335276287
1483337079393
1483335277723
1483337084851
1483335291698
1483335293758
1483337097876
1483337103149
1483337103924
1483337111012
1483335316734
1483337135306
1483337145975
1483335356906
1483337163854
1483337163854
1483337165454
1483337166324
1483337167400
1483335379994
1483337183656
1483337183726
1483335388561
1483337206079
1483335405807
1483337209050
1483337214421
1483337262560
1483335465232
1483337279748
1483335491342
1483336711520
1483337299381
1483335497332
1483337305799
1483335525239
1483337330736
1483335528672
1483335550418
1483337363829
1483337366796
1483337376100
1483337381098
1483335584157
1483337388311
1483335587222
1483335590391
1483337429293
1483335630827
1483337436125
1483335654403
1483337458377
1483335656917
1483335669313
1483335677657
1483335677662
1483335687233
1483335696887
1483337511296
1483335717675
1483335732415
1483335736476
1483337547204
1483335763507
1483337577193
1483337578130
1483337585752
1483335783336
1483337588605
1483335789089
1483337594816
1483337601698
1483337609151
1483335822734
1483335828880
1483337637447
1483337644854
1483337650386
1483337653027
1483337674926
1483335875663
1483337687101
1483335889501
1483335891247
1483335896647
1483335899393
1483337111012
1483337710430
1483335907022
1483335921453
1483337547204
1483337740229
1483335941746
1483337756751
1483335951981
1483335963253
1483335968509
1483335973097
1483337780601
1483335998084
1483336021376
1483336040147
1483336041216
1483337846101
1483336045491
1483337857928
1483337860356
1483336063539
1483336094791
1483336095866
1483336100000
1483336103456
1483337907447
1483337928508
1483337934517
1483337966618
1483336162589
1483336163827
1483337973889
1483337987921
1483336199922
1483338002818
1483336233464
1483336252442
1483338065695
1483338087580
1483338101908
1483338104293
1483336309390
1483338113176
1483336322477
1483336338930
1483336358554
1483336376917
1483336397635
1483336398392
1483338206958
1483338206958
1483338207343
1483336431238
1483336433663
1483336434354
1483336468259
1483338283574
1483336495789
1483336499228
1483336512605
1483338321624
1483338341691
1483338349897
1483338361655
1483336566120
1483338378833
1483336579573
1483336586782
1483338389435
1483338401179
1483336604995
1483336616391
1483338432118
1483336632403
1483336645218
1483338457477
1483338458733
1483338461326
1483338463785
1483338467695
1483338473201
1483336672709
1483338479420
1483336677898
1483338483468
1483336685511
1483336686719
1483338499793
1483336703453
1483336715054
1483336717225
1483336718993
1483336720800
1483336724924
1483336732081
1483338538188
1483338548744
1483336749035
1483336759232
1483338570070
1483336768105
1483338575124
1483336773288
1483336773587
1483338580349
1483338593018
1483338600798
1483336802211
1483336807811
1483336824515
1483336828813
1483338644998
1483338656585
1483336865402
1483338680353
1483336882067
1483338686887
1483336886038
1483338688297
1483338709477
1483338719089
1483336919208
1483338726097
1483338728730
1483338726097
1483338728926
1483336930189
1483338735427
1483336936576
1483336941895
1483338745886
1483336946650
1483338759291
1483336961978
1483338765215
1483338773484
1483338790535
1483337005756
1483337027202
1483338839742
1483337054233
1483338861565
1483337061329
1483337079393
1483338887533
1483337084851
1483338861565
1483338898270
1483337097876
1483337103149
1483337103924
1483338921100
1483338922304
1483338933248
1483337135306
1483338939240
1483337145975
1483337165454
1483337166324
1483337167400
1483337179852
1483337183656
1483338990341
1483337206079
1483337209050
1483339017325
1483337214421
1483339025961
1483339036423
1483339042449
1483339047036
1483339056529
1483337262560
1483339066392
1483337276972
1483337279748
1483339090644
1483339092005
1483339100485
1483337299381
1483339104685
1483337305799
1483339108871
1483337330736
1483339144364
1483339161326
1483339165536
1483337363829
1483337366796
1483339174655
1483337376100
1483337381098
1483339186481
1483339188926
1483337388311
1483339200128
1483339203711
1483337429293
1483337436125
1483337458377
1483339266949
1483339274040
1483339277912
1483337511296
1483339363035
1483337577193
1483337578130
1483337585752
1483337588605
1483337594816
1483337601698
1483339410532
1483339410533
1483337609151
1483339438334
1483339440299
1483337640574
1483337644854
1483337650386
1483337653027
1483337674926
1483337687101
1483339497547
1483339499824
1483337707134
1483337710430
1483339522302
1483339527763
1483339541596
1483337740229
1483337756751
1483339558229
1483339591948
1483339616055
1483339646256
1483337843434
1483337846101
1483337857928
1483337860356
1483339680181
1483339701416
1483338207343
1483339701421
1483339702835
1483337907447
1483339719107
1483339719109
1483337928508
1483337937932
1483337966618
1483339785142
1483337987921
1483339796185
1483338002818
1483339825110
1483339826991
1483339828605
1483339862850
1483339865702
1483338065695
1483339881888
1483338087580
1483339895083
1483339898905
1483338105540
1483338104293
1483338113176
1483339918934
1483339943204
1483339680181
1483339946835
1483339958587
1483340073242
1483340086949
1483338289990
1483340112239
1483340116196
1483338321624
1483338341691
1483338349897
1483338361655
1483340179104
1483340180348
1483340181985
1483338378833
1483340185135
1483340189990
1483338389435
1483338401179
1483340204592
1483340232297
1483338457477
1483340261930
1483338458733
1483338461326
1483340266514
1483338463785
1483338467695
1483338473201
1483340283262
1483338479420
1483338483468
1483340299855
1483338499793
1483338538188
1483338548744
1483340363103
1483338570070
1483340378012
1483338575124
1483338580349
1483340394784
1483338596818
1483338600798
1483340407304
1483340411928
1483340394784
1483340423865
1483340439648
1483340441038
1483340446886
1483338644998
1483338656585
1483340462179
1483339274040
1483340466392
1483340478204
1483338680353
1483338686887
1483338688297
1483338709477
1483340516709
1483338724020
1483338728730
1483340529534
1483340533209
1483338728926
1483338735427
1483340544978
1483338750202
1483340557869
1483338759291
1483338765215
1483338773484
1483340578302
1483340578522
1483340582624
1483340584207
1483338790535
1483340611249
1483338813075
1483340615125
1483338839742
1483340662541
1483340682123
1483340688973
1483340690034
1483338890644
1483338898270
1483340709722
1483338921100
1483338922304
1483340733244
1483338933248
1483338939240
1483340748904
1483340756070
1483340761539
1483340762093
1483338990341
1483340797022
1483340798752
1483339017325
1483340820882
1483340826019
1483339025961
1483340837689
1483339036423
1483340839252
1483339042449
1483339047036
1483340858473
1483339059802
1483339066392
1483340869526
1483340889399
1483339090644
1483339092005
1483340894714
1483339100485
1483339104685
1483339108871
1483340928781
1483340933090
1483339144364
1483340889399
1483340952977
1483340961916
1483339161326
1483339165536
1483340969798
1483340978188
1483339174655
1483339188926
1483339189568
1483341002172
1483341004055
1483339200128
1483339206816
1483341011463
1483341015587
1483341023994
1483341026903
1483339224784
1483339266949
1483339276250
1483339277912
1483341096380
1483341100460
1483341111176
1483341131595
1483341137664
1483341140559
1483341147885
1483341157536
1483339363035
1483341166930
1483341174198
1483341176986
1483341187243
1483341208265
1483341208270
1483339410532
1483339410533
1483341222011
1483341224646
1483341235532
1483339438334
1483339440299
1483341255604
1483341258399
1483341262190
1483341266513
1483341270052
1483341272575
1483339497547
1483339499824
1483339522302
1483341326626
1483339527763
1483341331931
1483341332818
1483341342004
1483339541596
1483339558229
1483341374518
1483339591948
1483341410233
1483341410780
1483341420759
1483339619983
1483339646256
1483341456254
1483341465751
1483341465751
1483341466645
1483339701416
1483339701421
1483339702835
1483339710632
1483341258399
1483339719107
1483339719109
1483341538632
1483341543576
1483341557388
1483341569881
1483339785142
1483339796185
1483341626941
1483339825110
1483339826991
1483339828605
1483341634211
1483339862850
1483339865702
1483341670478
1483341190431
1483341670732
1483341679953
1483339881888
1483339895083
1483339898905
1483341429350
1483341706213
1483341713685
1483339918934
1483339943204
1483341748208
1483339946835
1483341750637
1483341750637
1483341753770
1483339958587
1483339979314
1483341786795
1483341815505
1483341817897
1483341839507
1483341747704
1483341851145
1483341868551
1483340073242
1483341874959
1483341878084
1483340086949
1483340112239
1483340116196
1483341929274
1483341961603
1483341968567
1483340179104
1483340180380
1483340180348
1483340181985
1483340185135
1483340189990
1483340204592
1483342008739
1483342027912
1483341166930
1483342031767
1483340232297
1483340261930
1483340266514
1483342073161
1483342079978
1483340283262
1483342090963
1483340302938
1483342105133
1483342123865
1483342145905
1483342149490
1483342154369
1483342164794
1483340363103
1483340378012
1483342191377
1483342198703
1483340407304
1483342210551
1483340411928
1483340423865
1483342228672
1483342229658
1483342235774
1483340439648
1483342240066
1483340441438
1483340441038
1483340446886
1483340462179
1483342269388
1483340466392
1483342270300
1483342275687
1483340478204
1483340516709
1483340529534
1483340533209
1483340544978
1483342352629
1483342357271
1483340557869
1483340578522
1483342381573
1483340584207
1483340587053
1483340858473
1483342401850
1483340611249
1483340618228
1483342431743
1483342443366
1483342450936
1483342452462
1483341854268
1483342453376
1483340662541
1483340682123
1483340688973
1483340690034
1483342509695
1483342510293
1483340713547
1483342524369
1483340733244
1483340748904
1483340756070
1483340761539
1483340762093
1483342582405
1483342592071
1483340797022
1483340798752
1483340820882
1483342627674
1483340826019
1483342637427
1483340837689
1483340842942
1483342659181
1483342666864
1483340869526
1483342672436
1483342673560
1483342686938
1483340894714
1483342698207
1483342713213
1483342713213
1483342729901
1483340928781
1483342732969
1483340933090
1483342738056
1483342748537
1483342750187
1483340952977
1483342758606
1483340969798
1483342770663
1483342773449
1483340978188
1483342789597
1483341002172
1483341004055
1483342810696
1483341011463
1483342816192
1483342824951
1483341026903
1483342838392
1483342838743
1483342842066
1483342845049
1483342853603
1483342859710
1483342865254
1483342878177
1483342890943
1483342892301
1483342896647
1483342899534
1483341096380
1483341100460
1483341111176
1483342927086
1483342929489
1483341131595
1483341137664
1483342942410
1483341140559
1483341147885
1483342456478
1483342951357
1483342954545
1483342954833
1483341157536
1483342975403
1483341178055
1483341176986
1483342981040
1483342983708
1483343003973
1483341208265
1483341208270
1483343012437
1483343024307
1483341222011
1483341224646
1483343034068
1483341235532
1483343055496
1483341255604
1483343061713
1483341265694
1483341266513
1483341270052
1483343075243
1483341272575
1483343104982
1483343107823
1483343111705
1483343122058
1483341326626
1483341331931
1483343138089
1483341336435
1483341342004
1483343159266
1483341374518
1483343207815
1483341410233
1483341410780
1483343222267
1483341420759
1483343233589
1483343235627
1483341456254
1483341466645
1483343278053
1483343283559
1483343293357
1483343320282
1483342742213
1483343320721
1483341538632
1483343341734
1483341546646
1483343350920
1483342954460
1483343353665
1483343355088
1483343360286
1483341557388
1483343361977
1483341569881
1483343375077
1483343414167
1483343416997
1483341626941
1483341634211
1483343445287
1483343463463
1483343470500
1483341673623
1483341673911
1483341679953
1483343514268
1483341713685
1483343534705
1483343536326
1483343534705
1483343536327
1483343536327
1483343538056
1483343484255
1483341748208
1483343553525
1483341753770
1483343583873
1483341786795
1483341815505
1483343618927
1483341817897
1483343634739
1483343636238
1483341842974
1483343651739
1483343651934
1483343663997
1483343665970
1483341868551
1483343674755
1483341874959
1483341878084
1483343634739
1483343681361
1483343692343
1483343694859
1483343696227
1483343707660
1483341929274
1483343731970
1483341961603
1483341968567
1483343774504
1483343788480
1483341991295
1483343807218
1483342008739
1483343824390
1483343829595
1483342027912
1483343835653
1483342031767
1483343839618
1483342073161
1483343880548
1483342079978
1483342090963
1483342105133
1483342123865
1483342145905
1483342149490
1483343954305
1483343957349
1483343960821
1483343961759
1483342164794
1483343982393
1483343984034
1483343984039
1483343988076
1483343990631
1483342191377
1483343997907
1483342198703
1483344009625
1483342210551
1483344015775
1483344020255
1483342228672
1483342229658
1483342235774
1483342240066
1483344047574
1483342269388
1483342270300
1483342275687
1483344080566
1483344087505
1483344089518
1483342352629
1483342357271
1483342381573
1483342401850
1483344225941
1483342431743
1483342443366
1483344247977
1483344253439
1483342454165
1483342452462
1483344263190
1483344269591
1483344284959
1483344287436
1483342509695
1483342510293
1483342524369
1483344330366
1483344367567
1483344382457
1483342582405
1483342592071
1483344414312
1483342627674
1483342637427
1483344450275
1483344461537
1483342659181
1483342666864
1483342672436
1483342673560
1483344491043
1483342690085
1483342698207
1483344504200
1483344518154
1483344527419
1483344530784
1483342729901
1483342732969
1483344537862
1483344541404
1483342738056
1483342748537
1483342750187
1483344569025
1483342770663
1483342773449
1483342789597
1483342810696
1483342816192
1483342828203
1483342838392
1483342838743
1483342842066
1483342848308
1483342859710
1483342865254
1483342878177
1483342890943
1483342892301
1483342896647
1483344701007
1483342899534
1483344704483
1483344330366
1483344708615
1483342927086
1483342929489
1483344738151
1483344739040
1483344708615
1483344742803
1483342942410
1483342954545
1483344763081
1483344767452
1483344768493
1483344771263
1483344776722
1483342975403
1483344777028
1483342981040
1483342983708
1483344798524
1483344812899
1483343012437
1483344819720
1483343024307
1483344829026
1483343034068
1483344841574
1483343055496
1483344860808
1483343061713
1483344886480
1483344886480
1483344887917
1483343104982
1483344911538
1483343107823
1483343111705
1483343122058
1483343137530
1483343138089
1483344952634
1483343159266
1483344966874
1483345005696
1483345005840
1483343207815
1483345018255
1483343222267
1483343233589
1483343235627
1483345058478
1483343278053
1483343293357
1483343320282
1483345122936
1483345126645
1483343341734
1483345147712
1483343350920
1483343356801
1483343355088
1483343360286
1483343365142
1483345169747
1483345170258
1483343375077
1483345192424
1483345199353
1483343414167
1483343416997
1483343445287
1483345248384
1483345263379
1483345263943
1483343463463
1483345271150
1483345291997
1483343514268
1483345321792
1483343536326
1483343538056
1483343553525
1483345362108
1483345365724
1483345366812
1483345371580
1483345373551
1483343583873
1483345403980
1483343618927
1483345432270
1483343639275
1483343651739
1483343651934
1483343663997
1483343665970
1483343674755
1483345479766
1483343681361
1483345487437
1483345496749
1483343692343
1483343694859
1483343707660
1483345523594
1483345525083
1483343731970
1483345549032
1483345551470
1483345552007
1483345570863
1483345570863
1483345571533
1483345572375
1483343774504
1483345579795
1483345583142
1483345585881
1483343788480
1483343810242
1483345618579
1483345623102
1483343824390
1483343829595
1483343835653
1483343839618
1483345668666
1483343883784
1483345694676
1483345709443
1483345715069
1483345727971
1483345728762
1483345749498
1483345749499
1483343954305
1483343957349
1483345762014
1483343960821
1483343961759
1483343982393
1483345785456
1483343984034
1483343987261
1483345788625
1483343991461
1483343990631
1483345793948
1483343997907
1483345808442
1483345762014
1483345810254
1483344009625
1483344015775
1483344020255
1483345823896
1483345623102
1483345837952
1483344047574
1483345876493
1483344080566
1483345887157
1483344087505
1483345579795
1483345891102
1483344089518
1483345899405
1483345912780
1483345479766
1483345928649
1483345935839
1483345950020
1483345972365
1483344170974
1483345972852
1483345993368
1483345994524
1483346000291
1483344225941
1483346027832
1483346038599
1483346041177
1483344247977
1483346054008
1483344253439
1483346062908
1483346062908
1483346065695
1483344263190
1483346067928
1483346082593
1483344287436
1483344289415
1483346100088
1483346104336
1483346107287
1483346112607
1483346124425
1483346160089
1483344367567
1483344382457
1483345912780
1483346206184
1483344414312
1483346219025
1483346224296
1483346236211
1483344450275
1483346254729
1483344461537
1483346270301
1483344491043
1483344504200
1483346312475
1483346319081
1483344518154
1483344530833
1483344530784
1483344537862
1483344541404
1483346359799
1483346359799
1483346364011
1483344569025
1483346376958
1483346414824
1483346420217
1483346432523
1483346452855
1483346472915
1483346481977
1483344701007
1483346534188
1483346536642
1483346542739
1483344738151
1483344742283
1483344742803
1483344762588
1483344763081
1483344771001
1483344768493
1483344771263
1483346006052
1483346577658
1483344776722
1483344777028
1483346598133
1483344798524
1483346613932
1483344816036
1483344819720
1483346627571
1483344832634
1483344841574
1483346648311
1483346027832
1483346661879
1483344860808
1483346663445
1483344887917
1483346694204
1483346709901
1483344911538
1483346723296
1483344935577
1483346746959
1483346748751
1483344952634
1483344967219
1483344966874
1483346784740
1483346792237
1483345005696
1483346821360
1483345018255
1483346844088
1483346850835
1483346860369
1483346862352
1483345061687
1483346671293
1483346901297
1483346911535
1483345122936
1483345147712
1483346970256
1483345169747
1483345173779
1483346985406
1483346990272
1483345192424
1483346995220
1483346996040
1483345193415
1483345202695
1483347010204
1483345248384
1483345263379
1483345267716
1483345271150
1483345291997
1483347108350
1483347115872
1483347121905
1483345321792
1483347147771
1483347149123
1483347159343
1483345823896
1483347159949
1483345365624
1483345365724
1483345366812
1483345371580
1483345373551
1483345403980
1483347208966
1483347214686
1483345432270
1483347237600
1483347239366
1483347249906
1483347275750
1483347281980
1483345487437
1483345496749
1483347326993
1483345523594
1483345525083
1483345549032
1483345551470
1483345552007
1483347363786
1483345571533
1483345572375
1483345583142
1483345585881
1483347389263
1483345618579
1483347433170
1483347453616
1483347466610
1483345668666
1483347484287
1483347490109
1483347494864
1483345694676
1483345709443
1483345715069
1483345727971
1483347532642
1483345728762
1483345749498
1483345749499
1483345788625
1483345793948
1483345808442
1483345810254
1483347632830
1483345837952
1483347648003
1483345849631
1483345876493
1483345887157
1483345891102
1483345899405
1483345928649
1483347730834
1483347738724
1483345935839
1483347750089
1483345950020
1483347768835
1483345972365
1483345972852
1483345996824
1483345994524
1483347801949
1483346000291
1483347816166
1483347820810
1483347824543
1483347827003
1483346042079
1483346041177
1483346054008
1483346067928
1483346070152
1483346082593
1483346100088
1483346104336
1483346107287
1483346112607
1483347924357
1483346124425
1483347939424
1483347942977
1483347943933
1483347943933
1483347946764
1483346160089
1483347968125
1483347972236
1483347991597
1483348003496
1483347924357
1483348005956
1483346206184
1483346219025
1483348027166
1483346224296
1483346236211
1483346254729
1483348062692
1483348063669
1483346270301
1483348076090
1483348093749
1483346312475
1483346319081
1483348160255
1483346364011
1483348165544
1483348176456
1483348178709
1483346376958
1483348206591
1483348216874
1483346414824
1483346420217
1483348230829
1483346432523
1483348241567
1483348248390
1483348253990
1483346452855
1483348269386
1483348271548
1483346476593
1483346481977
1483348305552
1483348325364
1483346534188
1483346536642
1483348067712
1483346542739
1483348351762
1483346577658
1483348383545
1483348385795
1483346598133
1483348411900
1483346627571
1483346648311
1483348449937
1483348452697
1483346661879
1483346663445
1483348485597
1483346694204
1483346709901
1483346723296
1483348537877
1483348265872
1483348538441
1483348544907
1483348546874
1483346746959
1483346748751
1483348572059
1483348588974
1483346784740
1483348591361
1483346792237
1483348620547
1483346821360
1483348636204
1483348636633
1483346844088
1483346850835
1483346860369
1483346862352
1483348684566
1483346901297
1483348705700
1483348706480
1483346914995
1483348738997
1483348747154
1483348758440
1483348772151
1483346970256
1483348776019
1483346989684
1483346990272
1483346995220
1483346996040
1483347010204
1483348818587
1483348838168
1483348849434
1483348857129
1483348886626
1483348887225
1483348890036
1483348906027
1483347108350
1483347115872
1483347121905
1483347147771
1483347149123
1483347159343
1483347159949
1483348980962
1483347208966
1483347214686
1483349015031
1483349026119
1483347237600
1483347239366
1483349042854
1483347249906
1483349055699
1483349059166
1483349069269
1483349075238
1483349077780
1483347275038
1483347275750
1483349083539
1483347281980
1483349113533
1483349116973
1483347326993
1483349143370
1483349150906
1483347363786
1483349168658
1483347389263
1483349216157
1483347433170
1483347453616
1483349266965
1483347466610
1483347484287
1483347490109
1483347494864
1483349266965
1483349295107
1483349306263
1483349313569
1483349315482
1483347532642
1483349340625
1483349349344
1483349354464
1483349366249
1483349366249
1483349370397
1483349385587
1483349399436
1483349434478
1483347632830
1483349437332
1483347648003
1483349454116
1483349470363
1483349482804
1483349491361
1483349521030
1483349535564
1483347738724
1483347750089
1483349575086
1483349584285
1483347803355
1483347801949
1483347816166
1483347820810
1483347824543
1483347827003
1483349641217
1483349641337
1483349667110
1483349046280
1483349697521
1483349711353
1483349727642
1483349730055
1483347939424
1483349742380
1483347942977
1483347946764
1483349764591
1483349768729
1483349768953
1483349769494
1483347968125
1483347972236
1483347991597
1483349697521
1483349807866
1483348007542
1483348005956
1483348027166
1483349839870
1483349842041
1483348063669
1483348093749
1483349769494
1483349896045
1483349807866
1483349896863
1483349910603
1483349911259
1483349911938
1483349944166
1483349946120
1483348165544
1483349970836
1483349979282
1483348176456
1483348178709
1483349345617
1483348206591
1483350015752
1483350015752
1483350020145
1483348216874
1483350043635
1483348241567
1483350051078
1483350052264
1483348252461
1483348253990
1483348269386
1483348271548
1483348305552
1483350114667
1483348312671
1483348325364
1483350132314
1483348355380
1483348360139
1483350174788
1483350177162
1483348383545
1483348385795
1483348411900
1483350230996
1483348449937
1483348452697
1483350270083
1483348485597
1483349979282
1483350337699
1483348537877
1483348541827
1483348546874
1483350371781
1483348572059
1483348588974
1483348591361
1483348612801
1483348620547
1483348636204
1483348636633
1483350483342
1483348684566
1483348705700
1483350506365
1483350510424
1483348706480
1483348738997
1483350483342
1483350545376
1483348747154
1483350552689
1483350553736
1483350553736
1483350554498
1483348758440
1483348772151
1483350576959
1483350578532
1483348776019
1483350605014
1483350612934
1483348818587
1483350640577
1483348838168
1483350642844
1483350644258
1483348849434
1483350653059
1483350680870
1483348886626
1483348887225
1483348890036
1483350693776
1483350696427
1483348906027
1483350714245
1483350735837
1483350748125
1483350759344
1483348980962
1483350797809
1483350154234
1483349005077
1483349015031
1483350829850
1483349026119
1483350835508
1483349055699
1483349059166
1483350861304
1483350869881
1483349069269
1483349075238
1483349077780
1483350884961
1483349083539
1483350892704
1483349113533
1483350936241
1483350938198
1483350943671
1483349143370
1483349150906
1483350960090
1483349168658
1483351007693
1483351010915
1483349216157
1483351040148
1483351040907
1483351041325
1483350337699
1483351055336
1483351058307
1483351059946
1483351062862
1483351064174
1483351075728
1483349295107
1483349306263
1483349313569
1483349315482
1483351128973
1483349340625
1483349349344
1483349354464
1483351164828
1483349364372
1483349370397
1483349385587
1483351188295
1483349399436
1483349434478
1483349437332
1483349454116
1483349470363
1483349482804
1483349491361
1483351310120
1483349521030
1483349535564
1483349575086
1483349584285
1483351392435
1483351397023
1483351404396
1483351413237
1483351415331
1483349641217
1483349641337
1483351449019
1483351462282
1483351462440
1483349667110
1483351477557
1483351480323
1483351488704
1483351480323
1483351491638
1483349711353
1483349727642
1483349730055
1483351540067
1483349742380
1483351557627
1483349760657
1483349764591
1483351569401
1483349768729
1483349768953
1483351585027
1483351614994
1483351626227
1483351627165
1483351627594
1483351631950
1483351632202
1483351638020
1483349839870
1483349842041
1483351674063
1483351678319
1483349896045
1483349900279
1483349910603
1483349911259
1483349911938
1483351736963
1483349944166
1483349946120
1483351751476
1483349961255
1483349970836
1483351795051
1483350023290
1483351843112
1483350043635
1483350051078
1483350052264
1483351868874
1483351875530
1483350114667
1483351920481
1483350132314
1483351937383
1483350171914
1483350174788
1483350177162
1483351990281
1483352023984
1483350230996
1483350270083
1483352092368
1483352143058
1483352153545
1483350371781
1483352178589
1483352193918
1483352205533
1483350506365
1483350510424
1483350545376
1483350552689
1483350554498
1483350576959
1483350578532
1483352391385
1483352401242
1483350605014
1483352409318
1483350612934
1483352433169
1483352409318
1483352434337
1483350640577
1483350642844
1483350644258
1483352449119
1483352449718
1483350653059
1483352476343
1483350680870
1483352483885
1483350693776
1483350696427
1483352501120
1483352501150
1483350714245
1483350735837
1483350748125
1483352558319
1483350759344
1483352574334
1483350797809
1483350829850
1483350838859
1483352652160
1483350861304
1483350869881
1483350884961
1483352689457
1483350892704
1483352720057
1483352728530
1483350936241
1483350938198
1483352742410
1483352744035
1483352742410
1483352746547
1483350943671
1483352758958
1483350960090
1483352766514
1483352778667
1483352758958
1483352790445
1483352808163
1483351007693
1483351010915
1483352833534
1483352833927
1483351040148
1483351040907
1483351041325
1483351055336
1483351058307
1483351059946
1483351062862
1483351067675
1483351075728
1483352913106
1483351128973
1483352945916
1483351164828
1483352976792
1483352976936
1483351188295
1483351216462
1483351227208
1483353029664
1483353035677
1483353054107
1483353061101
1483353089495
1483353110262
1483351310120
1483353132951
1483353163901
1483353169834
1483351371266
1483351392435
1483353202350
1483351400828
1483351404396
1483353216646
1483351413237
1483351415331
1483353225469
1483351449019
1483351462282
1483351462440
1483353279718
1483351482023
1483351488704
1483351540067
1483353357511
1483351557627
1483351569401
1483351585027
1483351614994
1483351626227
1483351627165
1483351630672
1483351631950
1483351632202
1483351638020
1483353445219
1483353460550
1483353462786
1483351674063
1483351678319
1483353500041
1483353532179
1483351736963
1483353551412
1483353552167
1483353552504
1483351751476
1483353577441
1483353586624
1483353592103
1483351795051
1483353599564
1483353592103
1483353617456
1483353620179
1483353621617
1483351843112
1483353655918
1483353661221
1483351868874
1483351875530
1483353693097
1483353625834
1483353708878
1483351924148
1483351937383
1483353772242
1483351990281
1483353809333
1483353827825
1483352023984
1483353851832
1483353863316
1483353875139
1483353884196
1483352092368
1483353900297
1483353903083
1483353911534
1483353913569
1483353929745
1483353942250
1483352143058
1483353947997
1483352153545
1483353958583
1483353962761
1483352178589
1483352193918
1483352205533
1483354043264
1483354051934
1483354052719
1483354056348
1483354070030
1483354071450
1483354073706
1483354079584
1483354080244
1483352746547
1483354087759
1483354100800
1483354141036
1483354151389
1483354154834
1483354191058
1483352391385
1483352401242
1483352433169
1483352434337
1483352449119
1483352449718
1483354259698
1483352476343
1483352483885
1483354301066
1483352501120
1483354342280
1483352558319
1483354359047
1483354367435
1483352574334
1483353895609
1483354393457
1483354393595
1483354435596
1483354442056
1483352652160
1483352689457
1483354496113
1483354515248
1483352720057
1483352728530
1483352744035
1483352766514
1483354575494
1483354577480
1483352778667
1483352790445
1483352808163
1483352833534
1483352833927
1483354649649
1483354670435
1483354695911
1483354396595
1483354703153
1483354706137
1483354711467
1483352913106
1483354718867
1483354732830
1483354734181
1483352945916
1483354749831
1483354759082
1483354778384
1483352976792
1483352980053
1483354796144
1483354816362
1483353029664
1483353035677
1483353054107
1483353061101
1483353089495
1483354899197
1483354907469
1483353110262
1483353132951
1483354934119
1483354945238
1483354959295
1483353161966
1483353163901
1483353169834
1483353175555
1483354986204
1483355000495
1483355002122
1483353202350
1483353206194
1483353216646
1483355019256
1483355028362
1483353225469
1483355031322
1483355050625
1483355051562
1483354693220
1483355059175
1483355070080
1483355078793
1483353279718
1483355089071
1483355100030
1483355105263
1483355105263
1483355137432
1483355137432
1483355137650
1483353345634
1483355153914
1483353357511
1483355163399
1483355171125
1483355166926
1483355177647
1483355153914
1483355189292
1483355190104
1483355000495
1483355190291
1483355193865
1483355200078
1483355204154
1483355231456
1483353445219
1483355259253
1483353460550
1483353462786
1483355265465
1483355268279
1483355287216
1483355296451
1483355301407
1483353500041
1483355330038
1483355333133
1483353532179
1483355340224
1483353551412
1483353552167
1483353558970
1483355369027
1483353577441
1483355384460
1483353586624
1483355394162
1483355402747
1483353599564
1483355418094
1483353617456
1483355421917
1483353620179
1483355448807
1483353655918
1483353661221
1483353696924
1483353708878
1483355536638
1483355540056
1483355548138
1483353772242
1483353809333
1483355623721
1483353827825
1483353851832
1483355659623
1483355660639
1483353875139
1483353884196
1483355693211
1483353900297
1483353903083
1483353911534
1483353916976
1483355728804
1483355731169
1483353942250
1483353947997
1483355755293
1483353958583
1483353962761
1483355767807
1483355787698
1483355796134
1483355797832
1483355830586
1483355831465
1483355832255
1483355834837
1483355841984
1483354043264
1483355850639
1483354051934
1483354052719
1483354056348
1483355866661
1483355873639
1483354074261
1483354071450
1483354073706
1483354079584
1483354080244
1483354087759
1483354100800
1483355918373
1483355841984
1483355932912
1483354141036
1483354151389
1483354154834
1483355969618
1483355974740
1483354191058
1483356001041
1483356021055
1483356024139
1483356061102
1483354259698
1483356073576
1483356080966
1483354301066
1483356134726
1483354342280
1483356145972
1483356160904
1483354367435
1483356174834
1483354393595
1483356205088
1483354435596
1483354442056
1483356266987
1483354496113
1483356310485
1483354515248
1483356340736
1483356340760
1483356354817
1483354575494
1483354577480
1483356396460
1483356402430
1483356404585
1483356438424
1483354636091
1483354649649
1483356457706
1483354674064
1483356482911
1483354695911
1483356507625
1483356508254
1483354706137
1483354718867
1483356531137
1483354732830
1483354734181
1483356543240
1483356551898
1483354753120
1483354759082
1483356567749
1483356340736
1483356569029
1483354778384
1483356595046
1483354796144
1483356603177
1483354816362
1483356645259
1483356652663
1483356689832
1483356693352
1483354899197
1483354907469
1483354934119
1483356745973
1483354945238
1483354959295
1483356787311
1483354986204
1483356791416
1483356799210
1483356803531
1483355002122
1483356811146
1483355019256
1483355028362
1483355031322
1483356837512
1483356842943
1483356843945
1483356846632
1483355050625
1483355051562
1483356856722
1483355070080
1483355078793
1483355085386
1483355089071
1483356895490
1483355100030
1483356937574
1483356959413
1483356968789
1483356972578
1483355171125
1483355180956
1483356988976
1483355189292
1483355190104
1483356993367
1483355190291
1483355193865
1483355200078
1483357000576
1483355207922
1483357018052
1483357027367
1483355231456
1483357051615
1483357057775
1483355259253
1483355265465
1483355268279
1483355287216
1483355296451
1483355304831
1483357118119
1483355330038
1483355333133
1483355340224
1483357141410
1483357154575
1483355369027
1483356402430
1483357177261
1483355384460
1483355394162
1483355401198
1483355402747
1483357214105
1483355418094
1483357225272
1483355421917
1483355448807
1483357250881
1483357250881
1483357255482
1483357259950
1483357270181
1483357271009
1483357273760
1483357287679
1483357304743
1483357305755
1483355536638
1483355540056
1483357342727
1483357304743
1483357342757
1483355548138
1483357351999
1483357363384
1483357060823
1483357367160
1483357371965
1483357380311
1483356820983
1483357385759
1483355623721
1483357439221
1483357457990
1483355659623
1483355660639
1483357485741
1483355693211
1483357499921
1483357519582
1483357525260
1483355728804
1483355731169
1483357549668
1483355755293
1483355767807
1483357581166
1483355787698
1483357596491
1483355796134
1483355797832
1483357618258
1483355830586
1483357633805
1483355831465
1483355832255
1483355850639
1483357655713
1483357663056
1483357668803
1483355866661
1483355874137
1483355873639
1483357685255
1483357694274
1483357700204
1483357712142
1483355918373
1483355932912
1483357759353
1483357018052
1483357769406
1483355969618
1483355974740
1483357792142
1483357802614
1483356001041
1483356021055
1483356024139
1483357834083
1483357834392
1483357849720
1483356061102
1483357869020
1483357880182
1483356080966
1483357897244
1483357906741
1483357917634
1483357926782
1483357930753
1483357932943
1483356138080
1483357943458
1483357943458
1483357947012
1483357519582
1483357949958
1483356145972
1483356160904
1483356174834
1483357981194
1483357987278
1483356205088
1483358070008
1483356266987
1483356846632
1483358080437
1483358091010
1483358103021
1483356310485
1483358128072
1483358129149
1483356340760
1483358149324
1483356354817
1483358165965
1483358194535
1483356396460
1483358208340
1483356407771
1483358229230
1483358234076
1483356438424
1483356457706
1483358263143
1483356486050
1483358303773
1483356507625
1483356508254
1483356531137
1483358340781
1483358345444
1483356543240
1483356551898
1483356567749
1483356569029
1483356595046
1483356603177
1483356645259
1483356791416
1483358454698
1483358456665
1483356693352
1483356696756
1483358505178
1483356745973
1483358566156
1483358587351
1483357177261
1483358590309
1483356787311
1483358594894
1483358594894
1483358595049
1483356799210
1483356803531
1483356811146
1483358624124
1483358631515
1483356842943
1483356843945
1483356856722
1483358682241
1483358683756
1483358685641
1483358688048
1483358690275
1483356895490
1483356937574
1483358743487
1483358747218
1483358754241
1483356959413
1483358762811
1483358771280
1483356971967
1483356972578
1483356988976
1483356996785
1483357000576
1483358801850
1483358802318
1483358805948
1483358806668
1483358824551
1483358827672
1483357027367
1483357051615
1483358587351
1483358878621
1483358901665
1483358906256
1483357118119
1483358933984
1483357144798
1483357154575
1483358968586
1483358972845
1483358980228
1483359011526
1483359012432
1483357214105
1483359016930
1483359018551
1483357225272
1483358501560
1483359027207
1483359040212
1483359055685
1483359055946
1483357255482
1483357259617
1483357259950
1483359062880
1483359065239
1483357270181
1483357271009
1483357273760
1483359077789
1483359077789
1483359082185
1483357289295
1483357287679
1483359092207
1483359095740
1483357305755
1483359122198
1483358976547
1483359123368
1483359092207
1483359125831
1483359137154
1483357342727
1483357342757
1483359156480
1483357351999
1483357363384
1483359170212
1483357371965
1483357380311
1483359191886
1483359215147
1483359215649
1483359217040
1483357439221
1483357457990
1483359264246
1483357485741
1483359290555
1483358747218
1483359299573
1483357499921
1483359301969
1483357507938
1483359315877
1483357525260
1483359341652
1483359341786
1483357549668
1483359371382
1483358933984
1483359376047
1483359378618
1483357581166
1483357596491
1483359400509
1483357618258
1483357633805
1483359452114
1483357655713
1483359459973
1483359464612
1483357663056
1483357668803
1483359476310
1483359477586
1483359481368
1483357681759
1483357688779
1483359494508
1483357694274
1483359509058
1483359509342
1483357712142
1483359530507
1483359554493
1483357756980
1483357759353
1483357769406
1483359595364
1483357792142
1483359604076
1483357802614
1483359613629
1483359630218
1483359631358
1483357834083
1483357834392
1483359646849
1483357849720
1483359663733
1483357869020
1483359674258
1483357880182
1483357897244
1483357906741
1483359709377
1483359722119
1483357917634
1483357926782
1483357930753
1483357932943
1483357947012
1483357949958
1483359766345
1483357981194
1483357987278
1483359823523
1483359827335
1483359863609
1483359867930
1483358070008
1483358080437
1483358091010
1483359893829
1483358103021
1483358128072
1483358129149
1483359946785
1483358149324
1483358165965
1483359991009
1483358194535
1483359999258
1483360013276
1483360028225
1483360028483
1483358229230
1483358234076
1483360048166
1483360060230
1483360065654
1483358263143
1483360101137
1483358303773
1483360113017
1483360127631
1483360139379
1483358340781
1483358345444
1483360152733
1483360171465
1483360178961
1483360240224
1483360240867
1483360244707
1483360250660
1483358454698
1483358456665
1483360270690
1483360273652
1483360287620
1483358505178
1483360308918
1483359495991
1483360315821
1483360319783
1483360328170
1483360346789
1483360347543
1483358566156
1483360386563
1483358590309
1483360393146
1483360393515
1483358595049
1483358624124
1483358631515
1483360436186
1483360449188
1483359803216
1483360464659
1483359290555
1483360468956
1483358682241
1483358683756
1483358685641
1483358690275
1483360499477
1483360522673
1483360545021
1483358743487
1483360554258
1483360556501
1483358758007
1483358762811
1483358771280
1483360590205
1483358795378
1483360598084
1483360598084
1483360600109
1483360601639
1483358801850
1483358802318
1483358805948
1483358806668
1483360618338
1483358824551
1483358827672
1483360639017
1483358878621
1483360467877
1483360683624
1483358901665
1483358906256
1483360714589
1483360715644
1483360729383
1483360735372
1483360758527
1483358968586
1483360778760
1483360778778
1483358980228
1483358995271
1483360801861
1483359011526
1483359012432
1483359016930
1483359018551
1483360823586
1483360826991
1483360830668
1483359040212
1483360853175
1483360855256
1483359055685
1483359055946
1483359062880
1483360864847
1483360864847
1483360865438
1483359068348
1483359082185
1483359095740
1483360922530
1483359122198
1483359127233
1483360931392
1483360935509
1483360942262
1483359140852
1483359156480
1483360959929
1483360966909
1483360970158
1483359170212
1483360992550
1483359191886
1483361001927
1483359215147
1483359215649
1483359217040
1483361026489
1483361049748
1483359267830
1483361085021
1483359299573
1483359301969
1483361113018
1483359315877
1483359341652
1483359341786
1483361143277
1483361150958
1483361151562
1483361152745
1483361176904
1483359374968
1483359376047
1483359381994
1483359400509
1483361205410
1483361226975
1483361236587
1483361208951
1483361236997
1483359452114
1483361260857
1483359459973
1483361240319
1483361263745
1483359464612
1483359476310
1483359477586
1483359481368
1483361286116
1483359494508
1483361299190
1483361303228
1483361308655
1483359509058
1483359509342
1483361314047
1483359530507
1483361336222
1483361341706
1483359554493
1483361392856
1483361395164
1483359595364
1483359604076
1483359613629
1483361428240
1483361431765
1483359630218
1483359631358
1483359646849
1483361453634
1483361455311
1483359663733
1483361473452
1483361476679
1483359674258
1483361490041
1483361499733
1483360686750
1483361511827
1483359712629
1483361523272
1483359722119
1483361527526
1483361535842
1483361556784
1483359766345
1483361570190
1483359823523
1483359831943
1483361652342
1483361662174
1483359863609
1483359867930
1483361668989
1483361669248
1483361675213
1483361682768
1483361689043
1483361694588
1483361694746
1483359893829
1483361702971
1483361722549
1483361730543
1483361745522
1483359946785
1483361750653
1483361754853
1483361775598
1483359994907
1483361803572
1483359999258
1483361807105
1483361811218
1483360013276
1483360028225
1483360028483
1483361829380
1483361838569
1483361841282
1483360048166
1483360060230
1483360065654
1483361871058
1483361878891
1483361881344
1483361887617
1483360101137
1483361903701
1483361909952
1483361912735
1483360116436
1483361921640
1483361924250
1483360127631
1483360139379
1483360152733
1483361958156
1483360171465
1483361975595
1483360178961
1483361985164
1483361344893
1483362004012
1483360240224
1483360240867
1483360244707
1483362050909
1483360250660
1483362059622
1483362060508
1483362062013
1483362070292
1483360270690
1483360273652
1483362083086
1483360287620
1483362095821
1483361515000
1483362105624
1483360308918
1483360319783
1483360328170
1483360346789
1483360347543
1483360349661
1483362184394
1483362190467
1483360389609
1483360393146
1483360396700
1483362199115
1483360436186
1483360449188
1483360458221
1483360468956
1483362284600
1483362297984
1483360499477
1483362308842
1483362320979
1483360522673
1483362330937
1483360545021
1483362352372
1483360554258
1483360556501
1483362361600
1483362363783
1483360590205
1483360600109
1483360601639
1483362405877
1483361267121
1483362416409
1483360639017
1483360655441
1483362459984
1483362497686
1483362513079
1483362513728
1483360714589
1483360715644
1483360732603
1483362535537
1483360735372
1483362557174
1483360758527
1483360778760
1483360778778
1483362597316
1483360801861
1483362608425
1483360826850
1483360826991
1483360830668
1483362108677
1483362639196
1483362644150
1483360853175
1483362657577
1483360855256
1483360865438
1483362682085
1483362687506
1483362693511
1483362704441
1483360922530
1483362729370
1483362733401
1483362738636
1483360934574
1483360935509
1483360942262
1483362749461
1483362754750
1483362756111
1483360959929
1483360970048
1483360970158
1483362779939
1483362785318
1483360992550
1483361005276
1483362812707
1483362821796
1483362826755
1483362827303
1483361026489
1483362830113
1483361049748
1483362856586
1483362878320
1483362886478
1483361085021
1483362911574
1483361113018
1483362936474
1483361143277
1483361150958
1483361151562
1483361152745
1483362977926
1483362991670
1483363000315
1483363002683
1483362497686
1483363004870
1483361226418
1483361226975
1483361236587
1483361260857
1483363075651
1483363077908
1483363080083
1483361299190
1483363101747
1483361306417
1483361308655
1483361314047
1483363130284
1483361336222
1483363143703
1483363169193
1483363177104
1483361392856
1483361395164
1483363218222
1483363224072
1483363226454
1483361428240
1483361431765
1483361453634
1483361455311
1483361473452
1483361476679
1483361490041
1483363302355
1483361499733
1483363316933
1483361523272
1483361527526
1483363334372
1483361535842
1483363350421
1483363350421
1483363355491
1483361556784
1483363372454
1483361570190
1483363418494
1483363427984
1483361652342
1483361662174
1483361668989
1483361669248
1483361675213
1483361682768
1483363486591
1483361689043
1483361694588
1483363496594
1483363502208
1483363507126
1483361705993
1483361725733
1483363530620
1483361730543
1483361742486
1483361750653
1483361754853
1483363579390
1483361775598
1483361803572
1483363604811
1483361813829
1483361811218
1483363621642
1483361829380
1483363644590
1483361841282
1483363652758
1483363652758
1483363657117
1483363657117
1483363662592
1483363668131
1483363669756
1483363672889
1483361871058
1483361878891
1483361881344
1483361887617
1483363700624
1483361903701
1483361909952
1483361912735
1483361921640
1483361924250
1483363732715
1483363747082
1483361958156
1483363769849
1483361975595
1483361985164
1483363805297
1483363809759
1483362007086
1483363811221
1483363082807
1483363834305
1483363849312
1483363851597
1483362050909
1483363855680
1483362059622
1483362060508
1483362062013
1483363872239
1483362070292
1483363855680
1483363876809
1483363884006
1483362083086
1483362095821
1483363906468
1483363913415
1483363915516
1483362361600
1483363930860
1483363936301
1483362184394
1483362190467
1483362199115
1483364010728
1483364022773
1483364024648
1483364054721
1483362284600
1483364087478
1483364093373
1483364093487
1483362297984
1483362308842
1483362320979
1483362330937
1483364141888
1483362352372
1483362363783
1483364171527
1483364180766
1483362405877
1483362416409
1483364238823
1483362459984
1483364262425
1483364277823
1483364298996
1483362513728
1483362516234
1483364323050
1483364330975
1483362535537
1483364345578
1483362557174
1483364369223
1483362597316
1483364400617
1483362608425
1483364420961
1483362650137
1483364450771
1483362657577
1483362682085
1483362687506
1483364492511
1483362693511
1483364497837
1483364498113
1483362704441
1483364513482
1483362729370
1483362733401
1483362738636
1483362749461
1483362754750
1483362756111
1483362779939
1483362785318
1483364603419
1483362812385
1483362812707
1483364617128
1483362821796
1483362826755
1483362827303
1483362830113
1483364631509
1483362856586
1483364678044
1483362878320
1483362886478
1483364702428
1483362911574
1483364719510
1483364722125
1483364722585
1483364727759
1483362936474
1483364747867
1483364748597
1483364752033
1483364767987
1483362977926
1483364786935
1483364795439
1483362991670
1483363000315
1483364802670
1483363004870
1483364835302
1483364854425
1483363075651
1483364876096
1483363080083
1483364901458
1483364904259
1483363101747
1483364907252
1483364929442
1483363130284
1483364936354
1483363143703
1483364954707
1483364748597
1483364955758
1483364955758
1483364959527
1483363169193
1483363177104
1483364984211
1483364985775
1483365000613
1483363218222
1483363226454
1483365044352
1483365059603
1483363302355
1483363316933
1483365125176
1483365125896
1483363334372
1483365136562
1483363355491
1483363372454
1483365186065
1483365220098
1483363418494
1483363427984
1483365234929
1483365239351
1483365268083
1483365271665
1483363486591
1483365297228
1483363496594
1483363502208
1483363507126
1483363530620
1483365334036
1483365334107
1483365338390
1483363913415
1483365341147
1483365355498
1483365365177
1483363579390
1483365393276
1483363604811
1483365416565
1483363621642
1483364959527
1483365437593
1483365441176
1483363644590
1483365451781
1483365455654
1483365461486
1483363662592
1483363668131
1483363669756
1483363672889
1483365495325
1483363700624
1483365516880
1483363732715
1483365550263
1483363750119
1483364422855
1483365557887
1483363769849
1483365581029
1483365582744
1483365584959
1483365599356
1483363805297
1483363809759
1483363811221
1483365635674
1483363849312
1483365655580
1483363851597
1483365667347
1483363872239
1483365677793
1483363876809
1483363884006
1483363906468
1483363915516
1483363923261
1483363930860
1483363936301
1483365754540
1483365774584
1483363982734
1483365793744
1483365800745
1483364010728
1483364022773
1483364024648
1483365830568
1483365856123
1483364054721
1483365861049
1483365866026
1483365871120
1483365876335
1483365885955
1483364087478
1483364093373
1483364093487
1483365856123
1483365908319
1483365910684
1483365913449
1483365922655
1483365933990
1483365942930
1483365955132
1483365966658
1483365970114
1483364171527
1483364180766
1483366026957
1483364262425
1483364277823
1483366089206
1483366089558
1483366093025
1483366099279
1483366099866
1483365234929
1483366100259
1483364298996
1483365910684
1483366105884
1483366117630
1483364323050
1483364334356
1483364349027
1483366155526
1483366157497
1483364369223
1483366175820
1483366182048
1483366187470
1483364400617
1483364420961
1483366227703
1483366249268
1483364450771
1483366260018
1483364492511
1483364497837
1483364498113
1483366306618
1483364513482
1483366325196
1483366334270
1483366357489
1483366362228
1483366369081
1483364572206
1483366385972
1483364603419
1483366412441
1483366413999
1483364617128
1483364631509
1483366445353
1483364653227
1483364678044
1483366484333
1483366495787
1483364702428
1483364709525
1483364719510
1483364722125
1483364722585
1483364727759
1483364747867
1483364752033
1483364767987
1483364786935
1483366596811
1483364795439
1483364802670
1483366617094
1483364835302
1483366641959
1483366642579
1483364857587
1483366666548
1483364876096
1483366686099
1483366700287
1483364901458
1483366704013
1483364904259
1483364907252
1483364929442
1483364939985
1483366751722
1483366755623
1483364954707
1483366112642
1483366762763
1483366768566
1483366781219
1483364985775
1483364987664
1483366799720
1483366805872
1483365006078
1483366821954
1483366824575
1483366841296
1483365044352
1483365059603
1483366899177
1483366903726
1483366915858
1483365125176
1483365125896
1483365136562
1483366938275
1483366951871
1483365190327
1483366993670
1483366994117
1483367016216
1483365220098
1483367035554
1483367040539
1483367067738
1483365268083
1483365271665
1483367092617
1483367135292
1483365334036
1483365334107
1483365338390
1483365341147
1483367149329
1483365355498
1483365365177
1483365393276
1483365416565
1483367235226
1483365437593
1483365441176
1483365451781
1483365455654
1483365464611
1483367275335
1483367278705
1483367278996
1483367296760
1483365498489
1483367304815
1483365516880
1483367321035
1483367335516
1483367345549
1483365550263
1483365557887
1483367367465
1483365581029
1483365582744
1483365584959
1483367391785
1483367397378
1483365599356
1483367423301
1483365635674
1483367445994
1483367450709
1483365655580
1483365667347
1483367477381
1483367511585
1483367534778
1483367537646
1483367546125
1483367546937
1483367561587
1483365757695
1483367566064
1483365774584
1483365781597
1483365793744
1483365800745
1483367609605
1483367610458
1483367613492
1483365830568
1483367654388
1483365861049
1483365871120
1483367677448
1483365876335
1483367679996
1483367681624
1483367685427
1483365885955
1483367702015
1483367706756
1483367711954
1483367712172
1483365908319
1483365913449
1483365922655
1483365933990
1483367741517
1483365942930
1483365955132
1483365970722
1483365970114
1483367777208
1483367798262
1483367798607
1483367798651
1483367827469
1483366026957
1483367840088
1483367860245
1483367884843
1483367886698
1483366089206
1483366089558
1483366093025
1483366099279
1483366099866
1483366100259
1483367902790
1483366105884
1483366117630
1483367950400
1483366155526
1483366157497
1483367961607
1483367966933
1483367970758
1483367971590
1483366175820
1483367982574
1483366182048
1483366187470
1483367999358
1483366231834
1483366249268
1483368055593
1483366260018
1483368073937
1483368080123
1483368086013
1483368095001
1483368097552
1483366306618
1483368125454
1483366328862
1483368147980
1483366357489
1483368158067
1483366362228
1483366369081
1483368176671
1483368180683
1483368176671
1483368183900
1483366385972
1483368194780
1483366412441
1483366413999
1483368225771
1483368241996
1483366445353
1483366484333
1483366495787
1483368308882
1483368329231
1483368246103
1483368344578
1483368364980
1483367606039
1483368375619
1483368380842
1483368392604
1483366596811
1483368392604
1483368409806
1483366617094
1483368429643
1483368409806
1483368431646
1483366641959
1483366646296
1483366666548
1483368469296
1483366703824
1483366704013
1483368544009
1483367971590
1483368551593
1483366751722
1483366755623
1483366768566
1483366781219
1483368591552
1483368603062
1483366799720
1483368607266
1483366805872
1483368622393
1483366821954
1483366824575
1483368637697
1483366841296
1483366899177
1483368704722
1483366903726
1483366919114
1483368733299
1483366938275
1483366951871
1483366970902
1483368774561
1483368785574
1483366993670
1483366998858
1483368810457
1483368817571
1483367016216
1483367035554
1483368847990
1483367043739
1483367067738
1483368883540
1483367092617
1483368909379
1483367135292
1483367149329
1483368972685
1483368977627
1483368984667
1483369002939
1483369017057
1483367235226
1483369039939
1483369043662
1483369056230
1483369070688
1483367275335
1483367278705
1483367278996
1483369094204
1483369097935
1483367296760
1483369097935
1483369099699
1483367304815
1483369116312
1483367320748
1483367321035
1483369136476
1483367335516
1483369099699
1483369147198
1483367345549
1483367367465
1483369147198
1483369169468
1483369169468
1483369172271
1483369180832
1483367391785
1483367397378
1483369204099
1483369209187
1483369216426
1483369217243
1483367427498
1483368481022
1483367445994
1483367461063
1483367477381
1483369295039
1483369295933
1483367511585
1483369320674
1483369329850
1483367534778
1483367537646
1483369346424
1483369348029
1483367546125
1483367546937
1483367561587
1483367566064
1483369375385
1483369388764
1483367609605
1483367610458
1483367613492
1483369437851
1483367654388
1483369463832
1483367677448
1483367683065
1483367681624
1483367689930
1483367689821
1483367702015
1483367706756
1483369512317
1483369512598
1483367712172
1483367715620
1483369524924
1483369528981
1483367741517
1483367777208
1483369222603
1483367798262
1483367798607
1483367798651
1483367830674
1483367840088
1483367860245
1483367884843
1483367893135
1483367902790
1483369711291
1483369715241
1483369725124
1483369736662
1483369738629
1483369747571
1483367950400
1483367961607
1483367966933
1483367970758
1483369778610
1483369783295
1483367982574
1483369802684
1483367999358
1483369804280
1483369811034
1483369823449
1483369855183
1483368055593
1483368073937
1483368080123
1483369887746
1483369887746
1483369888116
1483368086013
1483368095001
1483368097552
1483369905055
1483368125454
1483368147980
1483368158067
1483369960432
1483369979851
1483369983966
1483368180683
1483368183900
1483369994686
1483368194780
1483370014793
1483370032259
1483370055805
1483370065374
1483368312028
1483370129224
1483368329231
1483368364980
1483368370076
1483368380842
1483370189802
1483370192010
1483370193392
1483368429643
1483368431646
1483370238990
1483370250667
1483368469296
1483370284978
1483370285631
1483370292402
1483370313627
1483370337637
1483370344179
1483368544009
1483368551593
1483370393469
1483368591552
1483370398608
1483370399717
1483368603062
1483370407470
1483368607266
1483368622393
1483370432662
1483370437985
1483368637697
1483370440693
1483368704722
1483370531904
1483368733299
1483368785574
1483370606508
1483368810457
1483368817571
1483368847990
1483370652839
1483368883540
1483368909379
1483370733565
1483370738985
1483370770819
1483368972685
1483368977627
1483368984667
1483369017057
1483370843334
1483369043454
1483369043662
1483369056230
1483369738629
1483370868832
1483370871758
1483369070688
1483370885806
1483370891912
1483370891912
1483370892599
1483369094204
1483370917216
1483369116312
1483369136476
1483370949778
1483369172271
1483370977974
1483369180832
1483370987669
1483369204099
1483369209187
1483369216426
1483369217243
1483371020298
1483371030641
1483371055419
1483371099877
1483369295039
1483369295933
1483371111538
1483369320674
1483369329850
1483371131445
1483371146878
1483369346424
1483369348029
1483371171387
1483369375385
1483369391966
1483371225374
1483369437851
1483371247126
1483369463832
1483369512317
1483371318083
1483369515642
1483369524924
1483371329082
1483369528981
1483371344571
1483371385501
1483371386250
1483371386297
1483369618511
1483371428601
1483371444706
1483371449415
1483371465787
1483371498594
1483369711291
1483369715241
1483369728617
1483371538837
1483369736662
1483369747571
1483369778610
1483369786443
1483371604176
1483369802684
1483369804280
1483369811034
1483371616710
1483369823449
1483371631549
1483371655263
1483369855183
1483371666836
1483369888116
1483369905055
1483371708821
1483371716187
1483369960432
1483371777508
1483369979851
1483371781555
1483369983966
1483371793151
1483369994686
1483370014793
1483370032259
1483370038295
1483370059011
1483370065374
1483371869582
1483371926130
1483370129224
1483371969893
1483370189802
1483370192010
1483370193392
1483370238990
1483370254684
1483372076242
1483372080584
1483372076242
1483372085477
1483370284978
1483370285631
1483372091078
1483370292402
1483372100663
1483372114857
1483370313627
1483372119397
1483370337637
1483372162163
1483372174376
1483372182120
1483370397223
1483370398608
1483370399717
1483370407470
1483370432662
1483370437985
1483370440693
1483372293636
1483372311214
1483370534976
1483372401507
1483370606508
1483372421976
1483372442110
1483370656927
1483372462360
1483372479583
1483372535050
1483370736646
1483370738985
1483372566290
1483370770819
1483372575942
1483372575942
1483372595991
1483372595991
1483372618727
1483370843334
1483370868832
1483370873902
1483370871758
1483370885806
1483370892599
1483370917216
1483370949778
1483372761437
1483372764399
1483372764399
1483372766593
1483372779886
1483372817951
1483371020298
1483372821266
1483372826554
1483372827967
1483371030641
1483372852529
1483371055419
1483372870101
1483371099877
1483371111538
1483372922300
1483371146878
1483372965725
1483371171387
1483373021872
1483371225374
1483373049369
1483371247126
1483372535050
1483373084918
1483373100210
1483373101665
1483371318083
1483371329082
1483371344571
1483371385501
1483371386250
1483371386297
1483373227936
1483371428601
1483373240348
1483373240348
1483373243559
1483371444706
1483371449415
1483371469015
1483371498594
1483373311023
1483373318676
1483373322010
1483371522328
1483373339731
1483371538837
1483373347688
1483371562265
1483371604176
1483371616710
1483371631549
1483373455351
1483371655263
1483371666836
1483371708821
1483371716187
1483373524984
1483373534968
1483371777508
1483371781555
1483373595763
1483371793151
1483373618482
1483373619721
1483373427817
1483373643487
1483371869582
1483373684947
1483371923844
1483371926130
1483373750276
1483373763068
1483373766839
1483371969893
1483373777943
1483373781766
1483373805506
1483373839705
1483373840299
1483373853831
1483372080584
1483372085477
1483372091078
1483373894387
1483373894387
1483373896464
1483372100663
1483372114857
1483372119397
1483372165386
1483372174376
1483373984800
1483372182120
1483372311214
1483374127990
1483374131213
1483374127990
1483374146412
1483374193214
1483372401507
1483372421976
1483372442110
1483372462360
1483372479583
1483374310960
1483374313800
1483374331330
1483374363579
1483372566290
1483374331330
1483374390954
1483372622508
1483374436480
1483374442629
1483374458167
1483374490861
1483374558840
1483372761437
1483372766593
1483374577328
1483372779886
1483372817951
1483372821266
1483374624792
1483372826554
1483372827967
1483372852529
1483374662107
1483374667005
1483372870101
1483374698951
1483372922300
1483374749546
1483372965725
1483374789962
1483374794495
1483374817830
1483373021872
1483374845610
1483373049369
1483373084918
1483373100210
1483374903520
1483373106922
1483374912601
1483374914829
1483374918979
1483374983763
1483375001551
1483375032349
1483373227936
1483375040385
1483373243559
1483375057412
1483375064721
1483373311023
1483373318676
1483373322010
1483375140083
1483373339731
1483373347688
1483375198780
1483375224897
1483375228701
1483373455351
1483375266340
1483375278374
1483375315537
1483373524984
1483373534968
1483375388882
1483373595763
1483375404874
1483373618482
1483373619721
1483375448443
1483375477234
1483373684947
1483375496362
1483375496713
1483375521891
1483375534615
1483373755268
1483373763068
1483373766839
1483375576343
1483373777943
1483373781766
1483373805506
1483375625998
1483373839705
1483373840299
1483373853831
1483375677254
1483373896464
1483373984800
1483375817977
1483375820549
1483375888703
1483375910802
1483375920407
1483374131213
1483374146412
1483374193214
1483376034456
1483376040085
1483376056384
1483374271711
1483376100784
1483374310960
1483374313800
1483376145117
1483374363579
1483376184931
1483374394019
1483374416997
1483374436480
1483376242100
1483374442629
1483375765813
1483374458167
1483376270464
1483376285953
1483376287304
1483374490861
1483374580735
